ឧ 298 207 295 219 290 227 281 234 274 239 267 240 260 241 254 241 249 235 248 223 248 213 250 204 256 197 263 189 272 182 280 175 289 173 298 173 306 173 313 175 318 180 325 187 329 195 331 202 332 211 332 217 332 224 329 231 325 238 318 246 310 255 302 263 292 271 285 278 276 284 271 289 268 292 268 293 276 293 284 293 292 293 301 293 310 293 318 291 325 290 329 289 333 287 334 284 336 282 336 280 336 279 336 278 336 281 336 288 336 300 336 313 336 327 336 338 336 347 335 354 335 360 334 365 334 366 #
ឧ 247 234 245 243 239 249 232 254 225 258 218 259 211 259 205 258 202 252 200 242 200 230 200 219 204 211 211 204 220 198 228 195 235 195 240 195 245 200 249 207 253 213 256 220 258 227 259 233 259 240 259 246 258 252 251 259 242 266 234 274 226 280 219 287 212 292 207 295 206 297 208 297 212 298 221 298 231 298 242 298 252 298 260 296 266 293 271 289 272 286 273 283 273 282 273 284 273 291 273 302 273 315 273 332 273 347 273 358 273 365 273 368 273 369 274 368 #
ឧ 256 198 251 210 251 212 249 214 242 219 235 222 227 225 219 226 213 226 209 221 209 215 209 207 211 197 217 189 224 182 230 175 238 172 246 171 254 170 262 170 271 170 276 171 279 177 280 182 280 189 280 196 280 204 276 211 271 218 265 225 259 231 253 237 247 244 239 250 231 256 225 262 220 267 216 271 221 271 229 270 238 267 248 264 256 260 263 258 268 255 271 253 273 252 274 251 274 250 274 251 274 255 274 260 274 269 275 280 275 290 275 300 275 311 275 321 275 330 275 335 275 337 #
ឧ 269 200 271 207 271 213 271 220 267 226 262 232 253 237 241 242 230 243 221 243 214 242 211 233 209 224 208 214 208 202 211 191 218 180 226 169 234 161 246 155 256 151 265 149 274 149 282 150 290 154 298 160 304 167 307 175 307 182 307 189 307 197 307 204 304 213 300 221 295 229 289 236 281 245 272 253 262 260 252 267 242 275 232 280 224 284 217 287 211 290 207 292 207 293 207 295 207 296 207 298 211 300 220 303 229 304 240 305 252 305 264 305 276 300 286 293 294 287 298 282 300 278 300 276 300 274 300 273 300 274 300 282 300 294 300 310 300 325 300 339 300 352 300 366 300 378 300 385 300 391 #
ឧ 269 232 268 243 267 249 264 254 258 258 248 261 237 262 227 262 220 261 215 255 213 249 213 240 213 228 215 217 222 208 229 199 238 193 250 189 260 188 271 188 282 188 291 190 299 195 305 202 308 209 311 216 313 223 314 230 314 240 311 249 306 258 298 267 288 275 277 283 266 290 256 296 247 303 238 309 231 316 227 323 225 330 225 336 225 342 227 349 232 356 237 364 245 370 251 373 259 376 267 376 274 376 281 376 287 371 291 365 295 360 298 353 301 348 303 342 305 338 308 333 310 327 312 322 314 320 315 318 315 320 315 326 315 334 315 344 315 360 315 377 315 394 315 406 315 417 314 426 314 431 313 434 312 434 #
ឧ 276 228 271 240 267 249 259 255 253 260 247 262 240 264 233 266 229 266 224 266 221 265 218 260 214 252 213 241 212 229 212 218 212 206 216 196 222 187 230 179 240 172 250 168 260 166 271 166 280 166 289 166 298 166 304 171 309 177 312 184 314 190 315 197 316 206 317 215 317 225 316 236 309 248 303 256 294 264 285 271 274 278 265 284 256 291 249 295 241 301 235 307 230 312 226 318 225 323 225 330 225 336 225 340 230 343 236 347 242 350 250 352 257 353 264 354 271 354 276 354 281 351 287 347 291 344 296 340 300 336 304 332 307 329 309 324 312 320 314 316 316 312 318 309 320 306 323 304 323 305 323 311 323 320 323 329 323 340 323 354 323 370 323 384 323 395 323 402 323 407 323 411 323 413 #
ឧ 264 229 254 246 247 249 240 249 233 249 229 249 224 249 220 243 218 235 218 224 218 213 219 201 226 191 235 182 245 177 255 172 265 169 277 166 287 164 297 163 304 163 309 163 313 167 315 173 317 182 318 189 318 197 318 207 318 216 314 226 308 235 302 245 293 254 284 262 274 271 265 278 256 285 247 292 240 298 235 303 233 307 232 309 232 311 233 314 238 319 244 322 251 325 258 327 267 327 275 327 283 327 291 327 298 322 304 318 309 314 314 310 318 306 320 302 325 298 328 294 330 292 331 291 331 293 331 302 331 312 331 323 331 334 331 344 331 356 331 369 331 380 331 391 331 400 330 407 330 412 329 414 329 414 #
ឧ 287 213 272 226 267 229 262 231 259 232 256 232 253 232 252 225 252 213 254 201 259 191 265 182 274 174 285 170 295 168 305 168 311 168 317 171 323 177 329 184 334 191 337 197 339 205 340 213 340 221 340 229 338 238 332 247 325 255 317 262 309 271 302 277 295 283 289 289 285 294 281 298 280 302 280 306 280 311 281 316 285 321 291 324 298 326 305 327 311 327 318 327 324 325 329 322 333 318 337 313 340 309 341 304 344 299 347 293 351 287 354 283 356 280 357 278 358 277 358 279 358 282 358 286 357 291 356 300 355 310 354 321 354 333 354 347 354 365 354 379 353 392 352 402 351 411 351 420 349 425 349 429 349 429 347 429 #
ឧ 261 223 268 236 272 244 274 251 274 259 274 266 269 271 262 275 254 276 245 276 237 275 231 270 227 264 225 259 224 251 224 240 224 224 229 211 236 200 245 192 255 186 266 182 278 181 290 180 301 180 309 182 316 188 323 194 327 202 329 210 332 218 334 228 334 239 334 248 331 256 325 264 316 273 307 281 298 289 289 295 280 302 274 309 268 314 263 320 260 329 257 336 256 341 256 347 256 351 257 355 261 359 266 360 274 362 281 364 289 365 299 365 307 365 315 365 321 361 327 356 331 352 336 347 340 342 344 338 347 334 349 331 351 330 351 329 351 331 351 334 351 339 351 346 351 354 350 365 349 376 347 389 345 402 344 414 343 424 343 434 342 443 342 453 341 460 340 464 340 466 340 467 #
ឧ 266 241 262 250 262 255 255 262 244 270 231 275 222 278 215 280 210 280 207 280 204 276 201 269 201 258 201 246 202 232 208 220 218 209 228 199 240 193 253 189 263 188 273 188 281 189 289 195 297 202 303 211 308 219 310 227 311 236 311 246 311 255 306 266 299 277 288 287 278 295 267 303 257 309 247 315 239 320 233 324 231 325 231 327 231 329 231 331 232 334 234 336 238 339 244 342 251 344 260 346 270 346 280 346 289 342 297 338 303 336 308 332 313 327 318 322 323 317 326 311 329 306 330 302 332 300 332 299 332 302 332 308 332 316 332 325 331 335 330 344 329 356 328 369 327 380 327 391 326 402 326 412 326 420 326 426 326 429 #
ឧ 284 232 278 244 278 246 278 249 276 255 271 263 264 273 256 281 247 287 238 289 229 290 219 290 212 284 207 275 204 267 203 259 203 251 205 242 213 231 221 221 230 213 240 205 252 199 262 195 273 192 283 191 294 191 303 191 309 193 312 201 314 210 315 218 315 227 315 237 312 248 307 258 301 269 293 279 284 290 273 300 262 311 252 320 242 329 234 336 229 342 225 346 225 349 225 351 225 355 228 360 233 365 240 369 250 373 262 374 274 374 285 374 295 370 303 365 309 358 313 351 316 344 319 339 323 333 324 329 325 327 325 326 325 330 325 336 325 344 325 355 325 369 325 381 325 394 325 405 325 414 325 423 325 430 325 434 325 436 #
ឧ 289 204 278 215 274 216 269 219 264 221 257 222 249 223 240 223 235 223 231 220 231 213 231 200 233 186 241 173 251 164 259 157 268 153 278 148 289 147 299 147 306 147 312 148 318 153 324 157 327 163 329 169 330 175 330 183 330 191 327 200 320 209 316 216 310 222 304 229 298 235 289 240 282 245 275 249 267 251 261 254 256 257 251 259 248 261 245 264 242 270 240 275 239 282 239 289 239 295 239 301 244 306 250 309 258 311 266 311 275 311 284 311 293 308 300 304 307 300 313 295 317 290 321 285 326 280 329 275 330 271 331 269 331 270 331 274 331 282 331 293 330 306 330 320 329 333 329 345 328 357 328 368 328 378 328 384 328 387 328 388 #
ឧ 256 200 265 194 267 194 269 194 274 194 278 195 282 200 285 208 285 215 285 225 282 235 276 242 269 249 260 253 253 255 245 256 236 256 229 256 222 251 218 245 215 238 213 229 213 218 213 206 215 193 220 182 227 172 235 164 245 158 256 153 267 150 278 148 287 148 298 148 305 148 311 151 315 156 318 162 320 168 323 174 325 182 327 189 327 198 327 209 324 218 318 226 311 235 304 244 294 252 285 260 276 266 267 272 260 276 254 281 247 285 241 290 237 294 234 298 233 302 233 306 233 309 233 312 237 315 245 317 252 318 260 318 270 318 279 318 287 315 295 311 303 307 309 303 314 298 317 293 319 289 320 286 323 283 324 280 325 278 326 278 327 284 327 292 327 303 327 314 327 326 327 338 327 349 327 362 327 373 327 383 327 393 327 400 327 404 327 405 327 404 #
ឧ 285 213 294 223 294 231 291 242 285 251 278 256 272 260 266 262 260 263 254 263 249 263 246 260 244 255 242 251 242 244 242 234 242 224 242 214 246 204 251 197 258 189 267 183 276 178 286 175 296 175 306 175 315 175 324 175 331 180 337 184 340 191 343 197 345 205 345 214 345 222 345 229 345 237 340 246 334 253 327 262 318 269 309 275 301 282 292 288 284 293 278 298 272 302 268 305 266 308 265 311 265 314 265 318 265 323 267 327 272 331 278 334 285 336 292 336 300 336 307 336 313 331 318 327 324 322 329 317 334 312 339 307 343 300 347 294 349 291 351 287 352 286 352 284 352 285 352 290 352 297 352 307 350 319 350 331 350 342 349 353 349 365 349 375 349 384 347 392 347 399 346 405 345 408 345 409 345 409 #
ឧ 250 213 256 225 255 232 249 240 241 244 235 248 229 249 223 249 218 249 213 248 210 244 208 237 207 230 207 222 207 213 209 203 216 195 224 188 232 182 242 179 252 177 260 177 267 177 274 178 280 182 285 186 288 191 291 196 292 202 292 209 292 214 291 220 287 227 282 235 276 244 269 251 262 258 255 264 248 271 239 277 232 282 227 287 223 289 221 292 221 293 221 295 221 298 222 301 226 303 229 306 234 309 241 310 250 311 258 311 267 310 274 306 280 302 285 297 289 293 292 288 294 284 298 280 300 278 301 276 301 275 301 276 301 280 301 285 301 291 301 300 301 309 301 320 301 330 301 339 301 348 301 357 301 365 301 373 301 378 300 381 300 382 #
ឧ 312 186 300 197 295 200 291 204 285 207 278 209 271 210 265 210 261 208 259 202 259 196 259 189 260 181 267 172 276 164 285 159 294 155 303 153 311 153 318 153 325 153 330 158 333 165 334 173 335 181 335 189 335 197 331 205 325 213 316 220 308 227 300 234 291 241 282 249 275 255 268 261 264 265 263 269 263 271 263 273 267 275 271 276 278 278 287 278 295 278 303 278 309 275 315 272 321 267 327 263 333 258 338 254 340 251 343 247 344 244 344 247 343 253 342 260 341 269 341 277 341 287 340 296 340 305 340 313 339 321 339 327 338 333 338 337 338 338 338 339 337 337 #
ឧ 265 218 254 227 249 227 245 227 241 227 239 226 239 221 239 215 240 208 247 200 254 194 262 189 268 186 276 186 282 186 289 187 294 191 298 197 300 204 300 213 300 220 300 229 294 236 286 245 278 253 270 259 262 266 256 273 251 278 247 283 247 287 247 290 247 293 247 295 251 298 256 300 263 302 272 302 280 302 288 300 295 295 301 290 305 284 308 278 311 273 313 267 314 262 316 259 316 258 316 260 316 266 316 273 316 282 316 291 316 303 316 314 316 325 316 336 316 344 316 353 316 360 316 366 316 371 316 375 316 378 316 380 #
ឧ 272 231 259 232 254 232 246 232 239 231 235 228 233 223 233 218 233 213 238 205 247 197 254 191 262 186 270 182 278 179 286 177 294 177 300 177 305 180 307 184 309 190 311 197 311 208 311 219 309 230 302 242 294 252 285 261 275 267 265 273 258 278 252 282 247 286 245 290 245 294 245 297 245 301 247 305 252 309 258 313 265 315 274 316 284 316 292 313 300 308 308 302 314 297 318 292 321 288 324 284 325 282 326 282 326 283 326 287 326 293 326 302 326 313 326 324 326 337 326 347 326 358 326 368 327 378 327 386 327 394 327 398 327 400 327 401 #
ឧ 266 233 269 241 269 246 269 253 267 262 262 272 256 278 248 280 239 280 232 280 227 275 224 271 222 264 222 255 222 246 223 237 229 226 237 218 247 211 256 205 264 204 271 203 278 203 286 203 292 206 298 212 301 218 303 226 303 234 303 243 303 251 302 260 297 269 290 277 283 285 274 295 262 306 251 315 242 322 236 327 234 331 234 333 238 334 245 336 251 337 259 338 267 340 277 340 286 340 294 338 301 334 305 330 307 324 309 320 310 317 311 315 311 316 311 320 311 327 311 334 311 342 311 351 311 362 311 373 311 382 311 391 311 399 311 405 311 410 311 414 311 416 311 418 #
ឧ 282 218 272 225 267 225 265 226 263 226 259 228 254 228 249 228 246 222 244 216 244 210 244 203 249 196 255 190 262 185 271 182 279 181 287 181 296 181 302 181 305 183 307 188 309 193 310 200 310 210 310 219 307 229 300 238 293 246 286 252 278 258 270 263 262 269 257 274 253 279 249 284 249 288 249 291 249 292 256 294 262 295 271 296 278 296 287 296 294 296 300 296 306 295 310 291 315 287 320 282 326 276 330 271 333 266 335 262 336 260 336 258 336 261 336 267 336 274 336 284 336 294 335 305 335 316 334 327 334 338 334 347 333 358 332 367 331 376 331 382 330 387 329 390 329 391 #
ឧ 263 210 249 221 244 222 238 224 232 224 226 224 222 224 220 218 219 210 219 200 220 191 225 183 231 173 240 166 251 160 260 156 270 155 277 155 282 155 288 157 294 162 298 167 300 173 301 180 301 187 301 194 298 202 291 210 285 216 278 222 271 228 265 234 258 242 250 248 242 255 236 261 230 269 225 275 223 281 223 286 223 289 225 291 231 291 237 291 246 291 254 291 262 289 271 287 278 284 285 280 293 275 300 271 305 265 307 260 309 257 309 255 309 253 309 256 309 262 308 271 307 280 307 289 307 301 307 311 307 322 307 332 307 342 307 350 307 358 307 365 307 368 307 370 #
ឧ 260 229 247 235 238 235 231 235 226 235 222 235 220 235 220 231 220 225 220 218 222 211 227 203 232 197 239 193 247 190 255 188 262 188 268 188 274 188 280 188 285 189 289 191 292 195 294 200 294 205 294 211 294 216 293 222 289 231 284 240 279 246 274 253 267 258 260 263 254 267 249 271 242 273 238 276 233 280 230 282 229 285 229 289 229 292 229 295 229 300 233 302 237 304 242 306 250 307 257 308 264 308 272 307 279 302 286 296 292 291 298 287 302 282 304 278 305 274 307 272 307 271 307 272 307 278 307 284 307 293 307 304 307 316 307 327 307 340 307 351 307 362 307 371 307 378 307 383 307 386 307 387 #
ឧ 278 218 273 224 267 226 260 229 255 230 249 231 244 231 240 231 238 229 238 222 238 215 238 209 244 202 251 195 258 189 267 185 276 182 285 180 291 180 298 180 304 180 308 180 311 184 312 189 314 193 314 199 314 204 314 212 314 220 311 227 305 234 300 242 292 249 285 255 277 261 269 267 262 273 257 277 254 280 251 282 251 284 251 287 251 289 251 291 252 293 256 295 262 297 269 299 277 299 286 299 294 298 302 294 307 290 311 285 314 280 317 275 319 272 320 269 323 267 323 266 323 269 323 275 323 284 323 293 323 304 323 316 323 329 323 339 323 349 323 357 321 365 320 371 320 375 320 377 #
ឧ 278 230 260 242 256 242 250 244 245 244 238 244 233 244 231 238 231 229 232 222 236 215 244 208 251 202 260 197 267 195 275 195 283 195 291 195 299 195 305 198 310 203 314 209 315 215 316 220 316 227 314 236 307 247 301 256 294 264 287 273 280 281 272 289 265 295 258 301 254 306 253 309 251 313 251 317 251 320 251 322 253 325 258 327 264 330 271 330 280 330 289 329 297 324 304 320 309 315 313 311 316 306 318 302 320 297 323 293 325 291 327 290 328 289 328 291 328 295 328 302 328 309 328 317 328 326 328 336 328 346 328 355 328 365 328 372 327 379 327 385 326 389 326 392 326 395 325 396 #
ឧ 251 259 233 264 227 264 221 264 217 264 214 264 213 260 212 254 212 246 213 238 217 230 222 224 229 218 238 214 249 210 261 206 272 204 281 204 287 204 291 209 294 215 297 224 298 233 298 242 298 252 294 262 289 271 284 280 277 288 268 294 260 300 251 304 245 308 238 311 233 316 230 319 229 323 229 327 229 332 229 336 233 340 240 342 250 344 259 344 269 344 278 342 286 338 292 332 298 327 302 321 305 316 307 313 309 310 309 309 309 312 309 318 309 324 309 333 309 342 309 353 309 363 309 373 309 382 309 391 309 398 309 404 309 407 #
ឧ 271 205 258 213 250 214 242 217 235 218 229 220 225 220 223 220 223 217 223 211 224 202 229 193 236 186 242 180 250 173 259 168 269 165 278 163 285 163 290 163 294 164 298 168 300 174 303 181 303 187 303 193 303 201 303 210 302 219 298 227 292 235 285 242 278 249 269 256 261 263 254 270 248 275 242 280 240 285 239 289 239 293 239 297 242 300 249 302 256 304 262 304 271 304 278 303 284 300 289 295 295 291 301 287 306 282 310 278 314 273 316 267 318 261 319 258 320 255 320 254 320 253 320 254 320 258 320 263 320 272 320 282 320 291 320 303 320 315 320 327 320 339 320 350 319 360 319 369 319 378 319 385 319 391 319 394 318 394 #
ឧ 258 212 240 218 238 218 235 218 229 218 224 218 219 218 218 218 218 211 218 200 225 190 231 181 239 173 248 167 257 164 265 161 273 160 278 160 283 160 287 163 290 168 291 175 293 183 294 191 294 198 294 207 291 215 287 223 280 231 273 240 265 246 258 253 251 260 246 267 240 273 237 279 236 282 236 284 239 285 246 287 253 287 260 287 269 287 280 287 289 284 299 278 305 271 309 262 311 256 313 251 313 247 313 244 313 243 313 246 313 253 312 261 311 271 311 282 311 292 311 306 311 319 311 332 311 343 311 353 311 363 311 371 311 376 311 378 #
ឧ 274 222 263 231 257 233 254 235 251 236 244 238 234 238 227 237 222 232 220 226 220 220 220 213 222 205 229 197 238 189 247 181 255 177 261 175 267 175 274 175 279 177 285 182 289 187 293 193 295 199 296 206 296 213 292 222 286 230 280 239 274 246 267 252 259 258 252 263 246 267 240 271 235 275 231 278 229 282 228 286 228 289 228 293 229 295 233 297 239 299 247 299 256 299 266 298 274 294 280 291 286 285 291 280 298 273 301 267 303 263 303 261 303 262 303 264 303 267 303 273 303 280 303 291 303 304 302 315 302 324 301 333 300 340 300 347 300 353 300 357 300 360 #
ឧ 267 231 272 241 271 247 266 253 258 260 249 264 240 267 232 269 227 269 223 266 222 260 222 251 222 242 222 231 223 220 229 211 235 202 244 196 253 192 260 191 267 191 275 191 281 193 287 197 293 204 298 211 302 220 303 227 304 234 304 240 301 247 294 254 286 262 278 271 272 278 267 283 262 289 258 295 255 302 253 307 253 313 253 317 253 320 257 321 262 322 267 322 275 321 281 317 287 313 291 310 297 307 301 302 305 299 309 295 311 293 312 291 314 289 315 288 316 287 316 287 316 286 316 288 316 293 316 300 316 309 316 318 316 329 316 338 316 348 316 356 315 365 314 372 314 378 313 384 312 388 312 391 312 393 311 393 #
ឧ 258 226 242 229 234 229 227 229 220 229 213 229 210 225 210 220 210 214 214 205 221 197 229 189 238 182 248 175 258 171 268 168 278 168 287 168 294 168 300 171 303 175 305 182 306 189 307 196 307 204 307 213 307 220 304 226 300 233 292 241 284 249 274 255 265 261 256 267 247 271 238 276 232 280 229 282 229 285 229 288 229 291 230 296 233 301 238 307 245 311 254 315 262 317 272 318 281 318 289 318 295 317 301 312 305 307 309 302 310 296 311 292 313 289 313 287 313 286 313 289 313 295 313 304 313 315 313 326 313 337 313 347 313 358 313 367 313 376 313 384 313 391 313 395 313 396 #
ឧ 241 241 248 249 248 254 248 261 247 269 240 275 234 280 227 283 220 284 212 284 206 284 202 280 198 275 196 269 195 261 195 254 195 246 198 238 205 229 212 220 222 212 232 205 242 202 251 201 258 201 264 201 271 204 277 209 280 215 285 220 287 228 289 235 290 246 290 255 287 263 281 272 275 279 267 287 258 294 248 302 239 307 232 313 227 317 223 320 221 322 220 323 220 324 220 326 220 329 222 331 227 333 231 335 238 336 247 336 255 336 262 335 268 329 275 322 282 316 287 310 292 306 295 302 298 299 300 295 303 292 305 291 306 291 306 298 306 307 306 316 306 326 305 337 305 349 303 362 302 374 301 385 300 396 300 404 299 409 299 411 299 412 298 411 #
ឧ 235 190 221 200 213 201 206 203 200 204 193 204 184 204 178 197 171 186 169 171 169 155 172 141 180 131 193 124 208 120 222 117 234 117 245 117 251 117 256 122 260 128 263 136 265 144 265 153 265 162 260 171 256 180 250 189 245 197 238 206 232 213 225 220 219 227 212 234 207 242 201 249 197 255 195 260 195 264 196 269 202 271 211 272 222 272 233 270 245 262 254 254 261 246 267 238 271 231 274 226 275 224 275 225 275 227 275 232 274 240 273 249 271 261 270 274 269 287 269 299 269 309 269 318 268 325 268 331 267 334 #
ឧ 289 191 285 200 283 207 281 210 278 213 273 219 265 222 256 225 245 226 235 226 227 226 221 222 218 216 217 210 217 202 218 193 225 180 235 165 250 151 263 140 278 134 292 133 305 133 316 134 325 140 332 147 336 155 338 164 339 175 338 189 329 202 320 212 311 220 303 227 294 235 284 246 274 255 265 264 258 274 254 284 251 295 251 305 251 313 254 318 260 320 266 321 275 321 284 321 294 320 302 315 309 309 316 304 320 300 326 295 331 291 336 287 339 284 340 283 341 283 341 288 341 295 341 305 341 315 341 325 341 337 341 348 341 358 341 367 341 374 341 381 341 387 341 393 341 396 340 396 #
ឧ 247 201 236 207 229 207 222 210 213 212 207 213 200 213 196 211 193 201 193 189 194 175 202 165 212 157 223 151 236 144 252 140 267 138 280 138 288 138 292 145 295 153 297 162 297 171 297 182 296 193 290 202 284 211 277 218 269 224 261 231 253 236 245 243 237 249 231 255 227 261 225 265 225 269 227 272 234 275 244 277 254 278 263 278 275 275 286 267 296 259 303 251 308 244 311 239 313 235 313 237 313 244 313 252 313 262 313 273 313 282 313 293 312 304 312 313 311 322 311 331 311 337 311 342 311 344 311 346 #
ឧ 253 229 256 232 254 239 245 244 236 246 227 246 218 246 209 244 204 236 202 226 202 215 207 203 214 195 223 189 233 184 246 180 258 178 270 178 280 178 290 181 298 188 303 195 307 203 308 213 308 222 305 232 296 244 285 254 274 265 262 278 252 289 242 298 236 304 233 309 233 312 233 315 234 318 240 320 249 321 258 322 267 322 278 316 287 309 297 300 304 293 308 287 309 284 309 288 309 295 309 305 308 316 307 329 307 340 307 352 307 364 307 373 307 382 307 390 307 396 307 398 307 399 #
ឧ 246 215 257 228 254 235 246 243 238 249 231 252 225 253 219 253 212 253 207 253 203 246 201 237 200 224 200 211 201 198 205 186 211 177 218 170 226 166 234 166 242 166 252 166 261 169 271 173 278 179 285 184 289 191 292 197 294 204 294 212 294 219 290 226 285 235 277 244 270 251 262 257 256 262 248 269 240 275 235 281 231 285 230 289 230 292 230 295 232 298 236 301 242 303 251 304 260 304 270 304 278 300 285 295 291 289 298 284 302 278 305 273 306 271 307 274 307 282 307 291 305 302 305 314 303 327 303 339 302 350 300 360 299 369 298 376 297 380 296 382 296 383 #
ឧ 262 195 263 204 262 209 257 213 253 216 247 219 241 220 236 222 231 222 227 222 225 220 223 214 222 206 222 198 223 191 229 182 236 175 244 168 252 165 259 163 266 163 274 163 280 163 287 166 291 170 296 175 298 183 300 190 300 197 300 206 295 215 289 223 282 231 275 240 267 246 260 253 254 258 248 263 244 267 242 269 242 271 242 273 244 275 248 277 254 278 260 278 266 278 274 278 280 275 287 270 292 266 297 262 300 260 304 257 307 255 309 254 311 254 311 254 311 256 311 262 311 271 311 281 311 291 311 302 311 311 311 320 311 331 311 340 311 349 311 356 311 364 311 367 311 369 311 369 311 366 #
ឧ 271 205 260 214 258 215 256 216 250 219 244 220 237 221 231 221 226 220 222 214 220 206 220 197 223 186 231 173 241 164 252 155 262 149 274 144 285 143 294 143 302 146 305 154 308 162 309 169 310 177 310 186 307 195 300 204 291 212 284 220 276 226 267 234 260 242 254 249 249 256 242 263 238 271 236 277 236 282 236 285 237 287 242 289 248 289 254 289 260 289 267 285 274 282 282 278 289 273 295 270 300 266 305 263 307 261 308 260 309 259 310 259 311 260 311 266 311 275 311 284 311 296 309 309 309 319 308 329 307 338 307 347 307 355 307 362 307 368 307 373 307 378 307 382 307 383 307 382 #
ឧ 259 204 254 213 247 215 240 217 233 218 227 218 222 218 218 215 216 208 216 198 216 191 219 183 224 175 231 168 240 162 251 158 260 157 268 157 276 157 284 157 290 162 296 167 300 173 302 179 303 185 303 192 303 200 298 209 290 218 282 224 275 231 267 237 260 243 254 249 248 254 244 259 240 263 239 267 239 271 239 273 240 275 242 277 249 278 255 278 261 278 267 278 273 278 278 275 284 273 288 269 293 265 297 262 300 259 302 256 303 255 305 253 305 255 305 262 305 272 304 284 303 297 301 309 300 320 300 331 299 339 298 345 298 349 298 351 #
ឧ 270 218 259 225 256 226 254 228 247 231 238 233 230 234 223 234 218 234 213 231 211 225 211 218 211 208 216 197 223 186 230 177 237 171 245 166 253 164 262 162 271 162 278 162 284 163 288 168 291 173 294 180 296 187 298 195 298 204 298 213 295 222 289 231 283 240 276 248 266 255 256 261 246 266 237 270 230 273 226 277 223 280 222 284 222 287 222 291 224 295 229 298 235 300 244 300 254 300 263 300 274 293 282 289 289 284 296 278 301 274 304 271 305 267 306 266 306 267 306 271 306 278 305 286 304 297 303 310 302 323 301 336 301 346 301 356 301 364 301 371 301 376 300 377 300 378 300 378 #
ឧ 247 214 255 205 259 205 263 205 267 206 268 211 270 218 270 226 270 235 265 242 261 247 256 251 250 252 244 253 236 253 230 253 224 249 219 242 215 234 213 224 213 213 213 203 213 194 218 185 223 175 230 167 238 162 247 157 256 154 264 153 271 153 279 153 285 155 290 160 295 166 300 173 305 180 308 187 310 194 311 202 312 211 312 218 312 225 309 232 304 239 299 244 292 250 285 255 278 260 270 265 262 271 255 275 249 280 245 282 241 285 238 289 237 291 237 294 237 297 237 301 240 304 247 307 255 309 264 310 273 310 281 310 289 307 298 303 306 298 312 293 316 291 318 289 319 289 319 291 319 294 319 300 319 307 319 316 318 326 316 336 315 346 314 356 314 367 314 376 314 383 314 391 313 398 313 402 313 404 312 404 312 403 #
ឧ 244 237 251 235 255 238 257 244 258 250 258 256 254 262 248 266 242 269 235 271 229 271 222 271 215 267 209 262 204 255 202 247 202 236 202 226 205 216 210 207 218 197 227 189 238 182 249 177 258 175 265 175 271 175 278 177 284 182 289 187 293 193 296 199 298 205 300 212 301 218 302 224 302 231 302 240 300 247 296 255 290 262 282 271 275 279 267 285 259 291 253 297 247 302 240 307 236 310 233 313 231 316 231 318 231 320 232 323 235 327 240 329 246 331 252 332 260 332 267 332 274 330 280 324 286 320 291 315 296 310 300 306 304 302 306 300 307 300 307 302 307 307 307 314 307 322 307 333 307 342 307 353 306 364 305 374 305 384 305 394 304 402 303 409 303 413 301 414 300 414 299 412 #
ឧ 276 197 259 202 254 202 249 202 244 203 238 203 233 203 229 201 227 194 227 184 227 173 231 164 238 157 248 151 258 144 268 140 278 136 288 135 297 135 305 135 310 139 314 144 317 151 318 157 318 166 318 175 317 185 314 194 309 204 303 213 295 220 287 226 279 233 271 238 263 243 257 246 254 249 251 251 251 252 251 253 251 255 251 256 252 259 258 262 265 263 274 264 286 263 298 256 307 251 314 246 318 240 323 234 327 230 328 228 329 229 329 235 329 242 328 252 327 264 326 277 325 290 324 303 323 315 323 327 323 338 323 346 323 351 323 354 323 355 #
ឧ 265 202 258 207 252 207 245 208 236 208 229 208 223 208 220 204 218 199 218 191 218 182 221 173 227 164 236 157 247 151 256 144 266 141 275 139 284 138 292 138 300 139 305 143 309 148 311 153 312 159 314 166 314 172 314 180 314 186 314 193 310 201 305 210 297 218 287 226 277 233 267 240 260 244 253 248 248 250 246 251 245 251 245 252 245 253 246 254 249 255 253 258 258 260 266 261 274 261 282 261 289 260 295 256 300 253 304 249 307 246 309 244 311 243 312 242 313 242 315 242 315 243 315 248 315 254 315 262 315 271 315 281 315 290 315 300 315 307 315 315 315 322 315 329 315 333 315 335 #
ឧ 262 217 262 224 260 231 252 239 245 245 236 249 229 250 225 250 221 250 219 248 218 243 218 236 218 229 218 219 218 210 220 200 226 191 233 184 244 177 254 173 264 172 274 172 280 172 287 175 295 180 302 185 306 191 309 197 312 205 314 213 314 221 314 228 311 236 304 245 296 253 287 260 278 265 269 271 260 275 253 279 245 282 238 287 231 291 225 295 220 300 218 304 218 306 218 308 220 309 225 311 232 312 242 312 254 312 266 312 276 312 285 312 294 310 303 308 310 304 315 300 318 295 320 291 320 289 320 287 320 289 320 293 320 300 320 307 320 316 320 327 318 339 317 350 316 361 316 370 315 379 314 387 314 395 314 400 314 404 314 406 314 407 #
ឧ 278 222 280 235 277 244 271 252 264 258 256 261 248 263 240 263 232 263 227 262 222 258 220 252 218 245 218 237 218 228 222 218 229 210 236 202 245 195 254 189 264 186 274 184 282 184 291 184 299 186 305 191 310 197 313 204 315 211 316 218 316 224 316 233 316 242 311 251 307 260 302 269 294 278 283 287 272 294 261 302 252 308 245 312 239 315 238 317 238 319 238 322 238 326 240 331 245 335 251 338 258 340 265 342 272 342 278 342 284 342 291 336 300 327 306 319 311 313 316 307 320 300 325 293 329 288 331 284 332 283 332 284 332 287 332 291 332 295 332 302 332 311 332 322 332 334 332 346 331 357 330 368 329 378 328 388 327 398 327 405 326 410 325 413 325 414 #
ឧ 277 202 285 202 288 203 290 210 291 218 291 226 285 233 278 240 271 241 263 242 258 242 252 242 247 238 242 230 238 220 236 211 235 201 235 190 235 180 238 172 245 166 253 161 262 157 272 155 281 154 289 154 298 154 307 154 316 154 324 154 329 155 333 160 334 166 336 175 336 185 336 197 336 211 334 222 329 234 323 245 316 255 307 263 298 270 289 274 282 278 278 280 275 282 275 283 275 284 275 285 276 287 279 288 284 289 289 291 295 291 303 291 309 291 314 289 318 287 321 283 325 279 328 275 330 272 331 271 332 270 333 270 334 270 335 271 336 274 336 279 336 284 336 291 336 299 336 308 336 318 336 327 336 338 336 348 336 356 336 365 336 373 335 380 334 385 334 389 334 391 334 391 #
ឧ 247 220 256 228 256 235 251 242 245 246 239 250 233 252 227 253 222 253 218 253 214 249 211 242 210 233 209 224 209 214 209 204 211 196 218 188 225 180 233 173 244 169 254 167 265 166 274 166 280 166 287 170 291 177 295 184 298 193 300 200 300 209 300 218 299 225 294 232 288 240 281 246 274 252 265 257 258 261 251 266 242 271 235 277 230 281 227 284 227 287 227 290 228 293 231 295 238 298 246 300 255 301 262 301 271 301 279 300 286 294 292 289 298 284 301 279 303 274 305 270 307 266 307 264 307 267 307 274 307 282 307 291 307 301 307 312 307 324 307 336 307 347 307 356 307 365 306 373 306 379 305 382 305 384 305 384 #
ឧ 250 197 260 196 261 196 263 196 267 200 271 204 272 211 272 218 268 225 262 231 256 234 249 236 240 238 233 238 226 238 222 237 219 231 217 224 214 216 214 204 214 190 220 174 225 162 233 152 245 144 257 140 270 137 279 136 286 136 292 136 298 141 302 147 305 153 307 160 309 167 311 175 312 186 313 196 313 208 313 218 309 227 303 237 292 248 280 258 267 267 256 274 247 278 239 282 235 283 234 284 237 284 242 284 249 284 258 284 270 284 282 284 294 284 303 280 311 275 317 271 320 267 321 266 321 265 321 266 321 270 321 277 321 285 321 296 321 309 321 320 321 332 321 342 321 350 321 357 321 362 321 364 321 365 #
ឧ 252 207 260 207 265 212 267 220 268 229 268 241 266 249 260 254 253 255 247 255 239 255 232 249 227 242 223 233 223 222 223 211 225 200 231 187 240 175 252 165 263 158 275 157 285 157 293 157 303 161 311 166 317 172 320 180 323 187 323 195 323 204 321 214 315 223 309 232 302 241 294 250 286 258 276 264 267 270 260 273 254 277 249 281 245 285 242 289 242 291 242 293 242 294 245 296 249 300 254 302 261 304 270 305 279 307 288 307 298 307 306 302 314 295 320 289 325 283 328 277 330 273 331 270 331 269 331 271 331 276 331 283 330 293 329 307 329 322 329 337 329 350 329 363 329 375 329 385 329 394 329 400 329 401 #
