ា 223 173 260 170 273 169 282 169 290 168 295 168 300 168 313 169 319 170 325 171 336 174 341 176 347 179 357 189 362 194 367 200 375 210 377 215 380 220 383 228 384 231 385 234 387 241 388 246 389 250 391 261 391 266 392 270 392 280 392 284 392 287 391 297 391 303 390 310 390 326 390 335 389 343 389 357 388 363 388 368 388 376 388 380 387 384 387 391 387 392 387 396 387 402 386 406 386 409 385 415 385 416 385 417 384 419 384 420 383 420 383 421 382 421 382 421 382 420 382 420 382 419 381 417 #
ា 218 204 221 199 228 186 232 179 236 173 244 161 248 157 253 153 259 149 261 148 263 148 267 149 270 150 274 150 286 152 294 153 303 155 319 158 327 161 335 163 350 169 357 173 363 178 375 186 379 190 382 193 386 199 387 201 387 204 388 210 387 211 386 212 386 217 385 220 385 224 385 233 385 239 385 244 384 255 384 261 383 267 383 282 382 289 382 296 381 312 380 320 379 327 378 343 377 349 376 356 374 366 373 371 373 376 370 386 369 391 368 397 365 409 364 415 363 421 361 429 360 433 360 437 359 442 358 443 358 444 358 447 357 448 357 449 357 450 357 450 357 450 356 451 356 451 356 451 357 451 357 451 357 450 357 449 357 448 #
ា 254 210 267 184 272 175 280 166 284 161 288 157 299 149 305 145 311 143 325 141 331 142 338 142 353 145 361 147 375 151 381 154 387 157 392 161 403 170 409 175 413 182 422 194 425 200 427 206 430 218 431 224 431 232 431 237 432 243 432 250 433 264 433 273 433 288 433 296 432 303 431 309 431 322 430 329 429 339 428 357 428 365 426 379 425 385 424 391 423 396 421 406 420 410 419 415 417 423 416 426 415 430 414 434 413 436 413 436 412 437 412 438 412 438 411 437 411 437 411 436 411 435 411 434 411 433 #
ា 255 228 266 192 272 177 286 153 292 143 297 137 311 127 318 123 325 120 341 117 350 117 358 117 375 118 384 120 393 122 401 125 419 136 428 143 435 151 448 167 454 174 460 183 472 198 476 206 486 220 490 226 493 232 496 238 499 247 500 250 501 253 500 254 499 253 497 255 496 258 496 262 496 267 494 283 494 293 493 302 491 320 489 330 488 339 486 359 484 370 483 380 479 401 477 411 475 419 470 437 467 446 465 453 459 469 456 476 454 482 448 493 446 496 445 498 443 500 443 499 443 497 443 494 444 494 444 493 444 491 442 486 #
ា 214 186 225 179 235 174 246 168 264 163 273 162 277 162 292 163 301 164 310 165 327 168 334 170 343 173 359 179 367 184 375 189 386 198 390 202 393 206 398 213 400 217 400 222 402 229 403 235 405 243 409 261 410 271 411 281 412 301 412 311 412 321 412 340 411 349 411 358 410 374 409 381 409 389 408 407 407 415 405 425 403 443 402 451 401 457 399 467 398 471 397 473 396 473 396 473 395 472 395 469 395 468 395 467 395 466 #
ា 241 170 284 167 301 164 316 163 342 160 354 159 360 158 378 159 388 160 399 163 420 169 428 173 435 176 446 181 449 183 452 186 456 190 456 192 456 193 454 195 453 195 451 196 449 198 449 201 447 211 447 217 447 224 446 242 446 253 445 264 443 288 443 299 442 309 441 330 440 342 439 354 436 375 435 385 434 395 430 413 429 422 427 430 423 446 421 453 420 461 417 475 416 481 415 486 414 493 413 494 413 495 413 495 413 494 413 492 414 491 414 491 #
ា 213 137 213 137 213 137 234 134 253 131 269 128 283 126 297 124 320 124 329 124 337 126 346 130 352 133 357 136 367 142 370 144 374 146 378 148 379 150 380 151 378 152 378 153 378 157 379 170 380 180 381 192 384 216 385 229 385 243 387 273 386 289 387 304 387 335 387 349 386 363 385 386 384 396 383 405 381 419 381 423 380 426 379 427 379 426 379 424 379 422 379 420 380 420 381 421 382 422 383 424 #
ា 192 179 224 163 237 156 248 151 270 144 279 143 288 143 300 145 306 147 315 152 333 164 342 172 350 179 365 199 372 208 378 217 388 235 392 244 395 253 400 268 401 277 402 286 403 305 404 314 404 325 403 347 402 358 402 368 401 386 401 394 400 402 399 415 399 421 397 426 397 436 396 442 396 447 395 456 395 461 395 464 393 470 393 472 392 473 391 472 391 471 391 470 391 467 391 467 391 466 #
ា 216 205 221 194 227 184 233 175 243 161 248 156 252 151 260 145 263 143 266 142 275 138 280 136 285 134 295 132 301 133 305 133 315 135 321 137 327 139 339 143 345 146 350 150 360 155 364 157 366 159 371 162 373 164 375 166 378 170 380 173 381 175 382 179 382 181 382 183 382 186 381 187 381 188 381 191 380 193 380 196 381 203 381 207 381 211 381 218 381 224 381 229 380 242 380 250 381 256 380 272 380 280 379 287 378 300 378 306 377 312 375 323 374 328 373 332 372 342 371 346 371 350 369 359 368 363 368 368 366 375 366 380 365 384 364 391 363 394 363 396 363 402 362 404 362 407 361 413 361 415 360 416 360 418 360 418 360 419 360 421 360 422 360 423 359 427 359 428 359 429 359 429 359 430 359 430 359 429 359 427 359 427 359 425 #
ា 199 243 203 229 206 216 214 194 218 186 222 180 229 171 230 169 233 167 240 161 244 158 250 154 261 150 267 148 273 147 285 147 292 147 298 148 311 150 319 151 328 154 348 163 357 169 366 173 378 181 382 185 384 188 386 191 386 193 386 193 383 194 382 194 381 194 380 197 380 199 380 201 381 209 382 216 383 222 385 236 386 245 387 254 389 270 389 277 390 284 390 298 390 304 389 311 388 325 387 334 387 343 385 358 384 365 383 373 381 384 380 390 379 393 378 402 376 408 376 414 375 426 374 433 373 440 372 449 372 452 371 454 371 457 371 458 371 457 371 456 371 455 371 454 371 452 371 452 371 451 371 450 371 448 370 446 #
ា 173 196 193 177 202 170 210 164 223 156 228 153 234 152 241 150 245 151 250 151 261 153 268 153 276 155 292 160 301 164 319 175 328 182 335 187 347 198 352 202 356 206 362 212 364 216 365 219 366 222 367 229 368 234 370 248 371 255 371 263 372 276 373 282 372 289 372 300 371 307 371 316 370 336 370 348 369 360 367 380 366 389 365 397 363 410 362 415 360 421 358 429 358 433 357 435 356 438 355 439 355 438 355 436 355 435 355 434 355 433 355 433 355 433 355 432 355 432 355 432 355 430 355 430 355 429 356 430 #
ា 187 176 228 170 244 167 270 164 276 163 283 163 293 163 310 163 318 163 333 167 340 170 347 175 359 185 364 191 367 197 373 208 374 214 377 222 381 241 383 252 385 264 387 287 388 298 388 308 388 325 388 334 389 345 390 369 391 381 391 394 390 416 390 426 390 434 389 441 388 451 388 453 387 455 386 454 386 453 385 451 385 449 385 448 385 446 385 445 385 444 385 443 385 442 #
ា 210 218 221 204 231 193 241 184 250 179 259 174 268 171 284 170 290 170 297 172 303 175 309 178 315 182 327 192 333 198 338 204 346 216 350 222 352 228 359 241 362 249 365 257 369 270 370 277 371 283 373 293 373 296 373 301 372 313 372 322 371 331 370 350 370 359 370 367 368 383 367 390 365 401 364 407 364 413 363 427 362 433 361 440 360 451 360 455 359 458 358 463 358 464 357 464 357 463 356 462 356 462 356 459 356 458 356 457 356 451 #
ា 222 191 254 175 266 171 275 170 292 170 294 170 298 172 313 181 322 190 339 208 346 218 352 228 359 237 368 254 374 263 377 273 385 293 389 304 392 315 396 337 397 347 397 357 398 375 397 384 397 392 396 406 395 412 394 415 393 421 393 424 393 427 392 431 392 434 391 436 390 439 389 441 389 441 389 440 389 440 389 439 389 436 389 434 #
ា 264 171 301 167 313 169 326 175 331 181 336 190 347 214 352 227 355 241 361 269 363 282 364 297 365 324 365 338 364 351 363 372 363 383 360 403 359 415 357 425 353 445 352 453 350 461 346 471 345 473 344 474 343 474 342 472 342 470 342 467 342 466 342 464 342 463 341 462 #
ា 196 209 219 188 230 182 241 178 250 175 260 173 279 174 283 174 290 175 309 185 318 192 327 200 343 220 351 231 357 242 366 265 369 276 372 287 376 310 378 320 379 331 382 353 382 364 382 375 381 395 381 405 379 421 379 428 379 433 378 441 377 443 376 446 375 448 375 449 375 451 375 453 375 458 375 459 375 461 375 461 375 461 375 460 375 460 #
ា 231 191 253 161 262 152 270 144 289 136 300 135 306 135 330 140 345 147 360 156 385 174 396 184 406 197 422 218 428 229 433 239 439 256 441 265 442 275 444 298 443 311 443 324 442 351 440 366 439 381 435 411 432 425 429 447 427 456 426 463 425 468 423 475 422 477 422 477 420 477 419 476 419 475 418 472 418 471 418 471 419 471 420 470 #
ា 224 160 247 138 256 133 272 131 276 132 283 135 304 149 314 159 323 168 336 189 342 198 346 208 353 228 356 238 358 248 360 267 360 276 360 286 358 305 357 316 353 341 350 353 347 366 342 391 340 401 338 410 333 425 332 432 331 439 330 451 329 453 328 456 327 462 327 465 326 467 326 469 325 468 325 468 325 465 326 465 326 464 326 452 #
ា 222 169 235 155 246 146 255 139 272 130 279 128 288 128 296 131 304 134 315 140 336 156 345 164 354 174 370 193 378 202 384 212 394 230 399 240 403 251 409 273 410 284 411 295 411 315 410 324 409 334 408 358 407 370 406 383 403 405 401 414 400 421 397 433 396 437 395 440 393 447 392 449 391 451 390 452 390 452 389 451 389 448 389 448 390 447 391 446 #
ា 223 182 229 160 235 145 240 135 244 127 247 122 253 115 254 114 256 112 262 110 267 109 273 108 287 106 293 107 300 107 316 110 325 111 333 113 349 118 358 121 366 124 381 131 388 135 395 139 407 148 413 154 418 159 427 171 431 177 434 181 437 190 439 193 440 196 442 202 442 208 443 215 444 233 444 244 444 264 444 273 443 284 442 294 441 314 441 324 441 335 440 357 440 366 439 387 439 397 438 407 437 415 435 429 434 434 433 438 432 441 431 441 431 441 431 440 431 438 431 436 431 435 431 434 431 433 431 432 431 431 432 427 #
ា 210 158 255 157 270 156 292 156 294 157 299 157 308 159 312 161 317 163 325 168 328 171 331 174 338 183 341 187 343 191 347 200 349 204 350 208 352 217 354 222 355 227 357 237 357 242 358 246 357 256 356 260 356 265 355 278 354 287 352 297 350 317 348 326 347 336 344 357 343 367 342 376 339 392 338 400 337 408 334 422 333 430 332 438 330 455 328 464 327 473 324 486 323 491 322 496 322 496 322 494 322 491 322 490 322 488 322 488 323 486 #
ា 211 211 226 181 233 169 240 160 247 154 257 147 261 145 267 145 284 145 294 146 305 147 326 153 336 156 344 160 360 169 367 173 374 179 385 191 389 198 393 204 398 217 398 224 401 239 402 248 404 258 405 268 407 289 407 300 407 311 406 333 406 344 404 364 404 374 403 384 403 395 402 415 402 424 401 432 399 446 399 453 397 462 397 465 396 466 396 466 396 468 395 468 395 468 394 469 394 470 394 471 393 472 393 472 393 472 393 471 393 470 393 469 393 468 394 467 #
ា 221 185 248 168 259 164 270 161 284 161 290 162 309 167 319 172 329 178 345 193 350 201 355 208 364 225 368 234 371 244 377 263 379 275 381 287 384 311 385 323 385 336 384 363 385 377 385 391 385 404 384 428 384 439 383 457 383 464 382 471 382 476 381 487 381 494 380 506 379 510 379 513 378 517 378 517 378 517 378 514 378 512 378 511 379 509 378 504 #
ា 200 176 217 163 229 154 249 145 256 143 263 142 273 144 279 146 287 151 304 164 311 173 318 184 329 203 334 213 339 222 347 241 350 249 353 259 358 275 359 285 360 296 361 321 361 336 361 351 360 381 359 395 359 407 356 428 354 438 353 446 350 461 349 466 348 471 346 475 346 476 345 477 344 477 343 478 343 477 343 475 343 473 345 469 #
ា 231 158 251 149 268 143 280 138 301 133 311 132 319 133 325 134 331 135 336 137 351 144 359 149 367 154 380 164 385 170 389 175 395 184 397 188 398 190 401 200 404 208 406 217 411 237 413 249 414 260 416 285 416 296 416 308 415 329 414 339 414 349 413 369 412 378 412 386 410 403 409 412 408 421 406 438 405 445 404 451 402 457 401 459 401 459 400 457 400 455 400 453 400 451 401 450 401 450 402 447 #
ា 215 235 219 214 222 198 226 185 231 175 236 167 247 158 253 155 258 154 264 154 268 155 281 155 289 156 297 156 305 156 320 159 327 162 333 165 345 175 349 181 354 187 361 199 364 204 366 209 369 218 370 222 371 226 373 237 374 244 375 251 377 265 378 273 378 290 378 298 377 307 376 326 376 335 375 345 373 366 372 374 371 382 368 395 368 400 367 402 367 407 366 409 366 411 365 414 365 414 364 415 364 415 363 415 363 415 363 415 363 415 363 415 362 415 362 415 362 416 362 416 362 416 362 417 361 418 361 418 361 418 361 418 361 417 361 416 361 410 #
ា 215 221 216 219 218 213 221 208 225 199 228 194 231 190 236 185 239 182 242 180 250 177 255 176 269 173 275 172 282 173 287 173 298 174 305 175 312 176 328 183 335 186 342 190 355 196 360 199 368 203 372 205 378 208 389 214 394 217 397 221 402 227 404 229 405 230 405 232 404 233 405 235 408 244 409 249 411 254 415 265 416 271 417 276 419 285 420 291 420 297 421 309 420 316 420 322 420 339 419 348 419 356 418 374 417 383 417 391 415 409 414 417 414 425 413 441 413 447 412 454 411 464 410 468 410 472 410 480 410 485 410 490 410 497 410 499 410 501 410 502 410 501 410 500 410 497 410 496 410 495 411 488 #
ា 221 231 236 219 249 210 259 205 275 197 280 197 286 196 287 196 290 197 299 199 305 200 311 202 324 206 329 209 336 213 349 224 355 230 361 236 371 249 375 254 379 259 385 270 388 275 390 281 393 295 395 303 396 311 398 331 399 341 399 352 398 371 398 383 397 394 396 416 395 426 394 437 393 455 392 463 391 469 390 480 389 484 388 488 388 491 387 492 387 492 386 490 386 490 386 490 388 488 #
ា 202 187 223 163 232 155 253 148 262 147 271 148 283 151 292 155 302 162 321 175 330 184 337 192 351 208 358 216 363 224 372 238 376 245 379 251 383 264 384 269 385 275 386 286 385 292 384 297 382 315 382 325 381 339 380 369 379 384 377 400 373 426 370 437 368 446 365 460 364 464 364 468 362 475 362 477 361 480 360 484 360 485 359 485 359 486 359 485 360 484 361 483 #
ា 215 237 223 216 232 200 246 181 253 175 260 172 270 171 275 172 284 176 306 190 317 198 326 206 344 222 350 230 357 237 366 249 370 256 374 263 381 281 384 292 386 303 389 326 389 337 389 351 388 378 387 393 386 407 386 433 385 446 385 457 383 477 383 484 382 490 381 499 380 501 380 502 380 501 380 498 380 498 380 493 #
ា 215 192 231 177 243 168 263 157 272 156 282 155 295 156 302 158 311 161 330 168 339 174 349 181 364 198 371 208 377 217 385 236 389 246 392 258 397 281 399 293 401 305 402 331 402 346 401 360 399 391 399 406 398 420 397 441 396 449 396 455 394 461 393 463 393 464 393 464 393 465 394 469 397 476 397 478 396 478 #
ា 224 212 239 185 246 178 253 172 267 165 274 163 282 161 296 158 298 159 302 159 315 167 323 173 331 182 347 205 353 217 359 228 369 248 373 258 376 269 380 287 382 299 383 311 384 338 384 350 383 364 381 388 381 400 380 411 379 431 378 439 377 446 376 453 376 455 376 457 374 459 374 460 374 461 375 460 375 459 375 457 #
ា 216 181 231 169 245 159 257 152 277 146 286 145 291 145 308 151 320 156 330 161 349 172 358 177 365 182 376 192 381 196 385 199 388 207 391 214 393 222 397 242 398 253 399 264 401 286 402 297 402 310 403 337 403 351 403 364 402 391 401 402 400 423 400 432 400 440 399 445 399 453 398 456 398 458 397 461 397 462 396 462 396 461 396 459 396 458 396 457 396 456 #
ា 212 177 240 161 252 156 262 151 281 148 289 148 292 148 303 151 309 153 316 156 330 161 337 166 343 173 357 187 363 196 368 205 375 222 378 231 381 239 384 256 386 265 386 272 387 289 387 299 387 309 386 334 386 347 384 360 382 384 381 395 380 406 378 423 377 430 375 441 374 445 374 448 373 448 371 449 370 449 369 448 369 448 369 447 369 446 369 445 369 444 370 442 370 442 #
ា 225 218 242 190 249 180 264 165 273 159 281 155 297 150 304 150 311 150 317 152 322 154 329 158 343 167 350 173 357 178 370 188 376 194 381 200 391 214 396 222 400 231 408 251 412 261 414 271 418 292 419 301 419 312 418 332 417 343 417 354 415 377 414 387 413 397 409 412 408 418 406 423 404 429 403 431 403 433 401 436 401 437 401 437 399 437 398 437 397 437 397 436 397 436 397 435 397 434 397 433 397 432 397 430 396 428 #
ា 204 172 213 165 222 159 230 155 245 148 252 146 263 143 265 143 267 143 273 143 278 144 284 144 290 145 303 148 308 150 313 152 320 156 324 158 328 161 337 168 342 173 347 178 358 192 362 200 367 209 376 225 379 231 381 237 383 243 384 246 384 247 383 249 383 252 384 261 384 268 384 275 384 282 383 297 383 305 383 313 382 329 381 339 381 349 379 369 378 378 377 395 375 403 375 411 374 417 372 431 371 437 370 443 368 452 368 456 367 459 366 463 366 465 365 466 365 466 365 466 365 465 365 463 365 462 365 461 365 460 365 459 366 458 366 456 #
ា 224 231 225 228 230 218 233 212 237 205 244 191 247 185 250 180 257 173 259 171 262 169 267 168 270 168 272 169 276 171 281 171 286 173 300 178 306 181 321 189 327 194 334 199 339 204 349 213 353 217 357 220 361 227 363 229 365 233 366 236 367 239 369 244 372 257 373 264 376 279 376 288 377 295 377 311 377 320 378 330 379 352 379 362 378 373 377 394 377 403 376 412 376 429 376 437 375 443 375 454 374 458 374 462 373 466 373 467 373 468 373 468 373 467 372 466 372 465 372 464 372 464 372 463 372 463 372 462 372 462 372 461 372 461 372 457 372 454 #
ា 221 223 231 208 240 195 249 186 258 178 266 174 283 170 291 170 294 171 307 174 315 177 323 181 339 190 346 196 359 210 365 216 370 224 374 232 380 248 383 255 385 264 390 281 392 289 394 298 398 314 399 323 400 340 400 349 400 358 398 375 398 385 397 395 397 413 396 420 396 428 395 441 394 446 394 451 393 457 393 459 392 461 391 462 391 462 391 460 391 458 #
ា 195 246 213 216 219 206 233 193 239 188 245 186 250 185 254 186 261 186 280 191 290 195 299 200 317 210 325 215 333 221 346 234 351 240 357 246 364 257 366 261 367 263 368 267 370 277 371 283 373 291 374 309 374 320 374 342 373 355 373 368 372 381 370 405 369 417 368 428 365 448 363 458 362 467 359 483 357 490 356 496 353 504 353 505 352 506 350 505 350 504 350 503 350 500 350 498 350 497 350 496 351 495 351 494 #
ា 217 199 238 174 246 165 254 158 270 148 277 146 281 146 290 146 296 147 304 149 321 156 330 163 339 169 352 182 358 188 364 194 376 204 381 209 385 214 393 220 397 222 401 227 402 229 403 230 403 232 405 241 406 247 408 254 412 273 413 284 414 295 415 317 414 329 414 341 413 365 412 376 412 387 411 407 410 416 410 425 408 441 407 448 405 458 404 462 403 463 402 464 402 463 401 462 401 459 401 457 401 457 401 455 402 454 402 452 #
ា 204 194 214 178 223 166 232 157 240 151 248 147 262 145 270 146 272 146 286 150 295 155 306 160 323 173 331 180 339 188 353 207 360 216 366 226 375 243 378 251 381 259 384 273 384 281 385 297 385 305 385 315 384 326 382 349 382 362 381 383 380 393 379 402 377 417 376 425 375 432 373 444 372 448 372 452 371 455 370 459 370 460 368 460 368 459 368 458 368 457 368 454 368 454 368 450 #
ា 213 187 232 179 247 174 269 168 277 167 280 167 287 167 292 168 299 169 314 175 321 179 332 188 337 194 341 200 346 206 352 218 354 225 357 232 361 245 362 251 363 257 363 270 364 276 364 283 365 296 365 303 364 311 363 327 363 336 362 344 361 359 359 366 358 372 357 384 355 392 354 399 352 411 351 418 350 424 349 434 348 439 348 442 347 446 347 446 346 445 346 445 346 445 346 445 345 446 345 446 345 446 345 445 345 444 345 443 345 442 345 440 #
ា 219 217 241 212 259 208 282 205 291 205 298 205 305 208 311 210 318 212 331 220 337 224 343 229 349 233 359 245 363 251 367 259 374 275 377 284 379 295 383 317 384 328 384 337 384 356 384 366 383 384 381 393 381 402 379 422 378 432 377 440 375 455 374 460 374 465 372 475 371 480 371 484 370 492 369 495 368 497 367 499 366 499 366 499 366 496 366 495 366 495 367 492 #
ា 208 174 221 161 231 151 250 140 259 136 278 133 287 133 291 134 308 136 318 138 327 141 334 144 349 154 355 160 361 168 371 186 376 196 380 206 386 226 390 238 393 250 399 274 401 286 403 298 404 324 404 336 403 348 401 371 401 380 399 400 397 410 396 420 393 437 391 445 390 452 388 458 385 468 384 472 384 475 383 478 382 479 382 478 381 477 381 476 381 473 381 473 381 471 382 470 #
ា 194 218 205 204 213 192 227 174 232 168 237 162 243 154 245 151 248 148 254 142 255 141 257 140 259 140 260 140 260 140 261 142 261 143 261 144 262 146 266 148 272 151 288 160 297 165 308 170 330 179 341 183 351 187 369 194 377 197 384 200 396 207 400 210 402 213 404 217 404 218 403 219 403 226 404 232 404 239 405 258 405 269 404 280 403 303 403 314 402 326 400 348 399 359 397 369 395 389 394 400 392 410 390 427 388 434 388 439 387 445 387 446 386 446 386 444 386 443 386 443 386 441 386 441 386 440 386 440 386 439 386 438 386 437 386 437 386 436 387 435 387 433 #
ា 206 232 220 218 231 206 242 196 252 188 260 181 273 173 278 171 282 171 287 172 290 173 296 178 311 189 318 194 325 199 337 210 342 214 347 220 357 234 361 244 366 253 374 271 376 280 378 289 381 308 382 318 383 338 384 350 384 361 384 386 384 398 384 410 383 432 382 441 382 450 381 463 381 467 381 469 380 471 379 471 379 470 379 467 379 466 379 465 379 463 379 462 379 461 379 460 380 459 381 458 #
ា 208 224 222 214 234 204 254 186 267 177 272 174 277 172 283 171 297 172 307 175 328 184 337 188 347 193 363 205 371 213 378 221 383 229 393 246 396 254 400 271 401 277 402 285 404 301 405 310 406 319 406 338 406 348 406 357 405 375 405 384 404 394 403 411 403 419 402 426 401 438 400 444 399 450 397 461 396 465 396 469 395 475 394 477 394 476 393 476 393 476 392 475 392 475 392 474 392 474 392 472 393 472 393 470 393 468 #
ា 214 197 234 170 241 163 249 156 260 152 263 151 267 150 279 149 285 149 293 149 313 152 322 155 329 157 344 163 352 168 358 174 370 186 375 192 380 198 388 211 391 217 396 228 397 233 399 237 400 246 401 253 403 260 404 269 406 286 407 295 406 315 406 325 406 335 405 346 404 366 403 377 402 389 399 411 397 421 395 431 392 447 390 454 389 459 388 466 387 467 387 468 386 468 385 467 385 466 385 465 386 464 386 462 #
ា 194 218 208 200 219 188 228 178 243 164 250 160 252 158 262 155 268 153 274 152 288 151 297 152 306 152 325 155 333 159 342 163 358 174 364 181 370 187 380 198 384 203 388 208 394 219 396 225 398 230 400 244 401 253 403 263 404 283 405 295 405 306 405 327 404 338 403 348 402 369 402 380 401 389 400 406 399 415 399 424 398 441 398 450 397 458 396 472 396 478 396 485 396 487 396 489 396 490 396 489 396 488 396 487 396 484 396 483 397 480 397 478 #
ា 200 184 215 168 227 157 245 141 255 135 264 130 272 128 289 125 296 125 298 126 306 128 314 133 322 139 338 156 346 166 354 175 366 194 371 203 376 211 384 228 388 238 392 248 398 272 401 283 403 295 406 319 406 329 406 340 405 360 404 370 404 379 402 400 402 410 402 420 400 439 399 448 398 457 396 474 395 483 394 489 392 498 392 500 391 501 390 501 389 500 389 498 388 496 389 494 390 488 #
