ិ 387 334 366 332 347 330 312 327 297 326 282 326 253 325 245 324 233 323 208 318 194 314 183 311 165 302 160 296 155 290 151 280 148 273 146 266 144 251 145 242 146 235 150 222 153 217 163 208 171 205 179 203 200 201 210 202 220 203 243 205 256 207 268 209 291 218 302 223 313 229 322 235 336 250 343 257 353 271 357 279 361 287 370 302 374 309 378 316 386 327 389 331 391 334 394 340 396 342 397 344 398 347 398 348 398 349 397 349 397 349 396 349 395 347 394 347 394 346 393 345 #
ិ 363 332 338 332 317 332 281 331 265 332 251 332 231 331 218 331 203 330 175 325 163 321 144 314 137 309 133 306 129 301 121 285 119 277 117 268 117 251 119 242 119 236 123 221 127 213 132 207 144 197 151 193 164 190 171 190 178 190 190 191 198 192 205 195 213 197 229 205 238 211 256 226 264 234 272 244 284 265 290 274 296 283 306 299 311 305 314 309 322 318 326 323 331 327 339 336 343 339 346 343 349 347 349 347 350 346 350 345 349 344 348 343 347 342 346 341 345 340 343 338 #
ិ 408 342 363 334 346 332 328 331 295 330 280 330 265 330 239 329 228 329 215 328 206 327 196 324 186 320 164 305 155 296 147 287 137 270 135 263 135 249 136 243 138 237 139 233 141 227 144 224 147 222 163 214 173 211 185 208 211 202 223 201 234 201 254 202 263 202 284 208 294 210 303 214 320 221 327 226 334 230 344 240 348 246 353 251 358 257 367 269 372 274 375 280 381 290 383 294 386 301 388 304 388 306 389 312 390 315 390 317 391 321 391 324 392 325 392 327 392 327 392 326 391 326 390 325 390 325 389 324 389 325 389 325 #
ិ 382 310 336 297 317 292 299 289 266 285 252 284 245 282 225 279 213 276 201 272 180 262 172 256 164 249 154 234 151 226 149 218 149 201 150 194 151 189 157 176 162 171 169 165 179 161 199 156 210 156 232 157 241 159 252 161 276 172 289 180 301 190 323 209 331 218 337 227 346 243 349 250 353 258 363 275 367 282 371 289 378 300 379 304 381 308 381 311 381 312 381 311 379 309 378 309 378 308 377 306 376 305 376 305 #
ិ 416 357 397 348 381 342 365 338 351 335 337 333 316 332 307 332 295 332 269 331 254 330 239 328 210 324 196 320 183 316 163 307 155 301 148 295 134 280 127 269 122 259 114 236 112 226 111 216 115 199 115 196 117 192 125 182 130 178 138 176 157 173 169 175 186 175 219 182 236 188 252 194 278 209 290 218 302 227 325 248 334 257 343 265 357 281 363 287 369 292 376 300 380 304 383 309 389 319 392 324 394 328 396 335 397 337 396 339 396 339 396 341 397 345 398 347 399 348 401 351 402 352 402 353 403 353 403 353 403 352 403 349 #
ិ 439 362 436 357 434 351 427 342 423 338 419 334 410 327 404 325 400 322 388 318 381 316 372 314 355 313 347 314 339 314 325 317 318 318 300 321 291 323 280 324 258 326 246 327 236 328 220 329 213 330 211 330 204 328 199 326 195 324 188 316 185 312 183 306 181 292 180 284 180 276 183 260 183 254 184 248 187 235 188 230 190 226 193 218 195 215 198 212 204 206 207 203 211 201 220 197 225 197 232 196 246 195 254 196 261 197 275 199 284 200 294 202 315 208 325 212 334 216 348 222 354 225 359 229 365 235 368 240 371 246 377 259 380 266 382 274 386 289 388 295 389 301 391 311 392 315 392 318 395 326 397 330 398 334 400 340 402 342 402 343 403 344 403 344 403 343 403 342 402 341 402 340 401 339 401 338 401 337 400 337 #
ិ 393 368 359 344 328 335 312 333 296 333 272 335 257 338 243 340 215 343 202 344 191 343 179 341 156 333 147 327 138 319 127 297 124 287 122 276 123 255 124 244 127 223 129 214 131 207 136 200 147 193 155 192 163 192 183 194 195 195 210 199 243 210 259 217 274 225 300 244 311 254 322 264 341 281 348 289 354 298 363 311 368 318 372 325 379 339 381 345 383 350 384 359 385 362 385 363 384 363 384 362 383 362 #
ិ 396 354 347 344 328 343 299 342 284 341 267 339 234 335 218 331 204 327 190 322 169 313 160 308 152 303 140 289 136 281 132 273 126 252 125 241 126 230 129 214 130 207 133 201 141 192 145 190 150 188 164 188 173 189 184 190 213 193 228 194 245 197 273 204 285 208 295 213 318 228 329 238 338 248 354 266 360 275 367 283 376 296 380 301 383 306 388 316 389 320 390 325 391 333 392 336 392 339 391 342 391 343 391 343 390 344 390 344 389 344 389 343 389 343 389 342 389 342 388 341 388 340 #
ិ 384 377 342 364 324 360 308 357 293 355 278 353 261 352 250 352 239 351 214 350 201 349 188 347 164 339 153 335 145 330 130 321 125 316 121 312 114 301 111 296 108 290 104 279 103 274 103 269 105 259 105 255 106 251 113 244 117 241 124 239 143 237 154 239 177 240 189 241 201 242 228 247 243 251 257 256 281 268 290 275 300 281 316 294 324 301 330 309 336 316 346 329 353 337 360 344 371 356 375 360 379 364 386 370 387 371 388 373 390 377 391 379 393 381 393 382 393 382 393 381 392 381 391 381 390 379 #
ិ 431 364 410 352 378 339 364 336 350 333 339 333 326 336 316 339 291 348 278 352 266 354 241 356 231 354 220 351 197 342 188 336 179 329 165 313 159 303 154 294 147 275 145 266 144 257 146 240 146 235 147 228 151 215 155 209 158 203 170 193 178 189 186 188 206 189 215 189 229 191 258 200 271 205 284 212 307 226 319 232 329 239 345 252 352 259 358 265 372 281 379 291 385 300 396 316 400 323 403 328 408 335 409 337 410 338 412 342 412 343 412 343 412 346 412 347 412 347 413 348 413 348 413 348 413 348 413 348 413 348 413 347 412 346 412 346 #
ិ 429 359 402 338 391 331 381 325 364 319 357 318 351 316 342 316 339 316 333 317 326 318 310 321 302 324 295 327 284 333 279 337 275 341 266 348 261 351 256 354 247 359 241 362 236 364 227 366 222 366 213 365 206 365 199 365 192 364 180 363 175 362 172 360 166 358 164 357 163 354 162 353 161 350 159 346 155 337 154 332 153 326 153 313 154 307 155 300 156 288 157 281 158 273 163 257 166 250 171 243 180 231 186 226 192 222 205 215 211 213 217 211 230 209 236 208 243 208 259 208 266 208 273 209 285 211 292 211 299 212 315 215 322 218 329 221 340 228 344 232 349 235 356 243 359 247 362 252 372 265 377 272 382 279 388 293 390 298 392 303 396 313 398 319 401 325 407 336 410 341 413 346 418 354 420 357 421 359 423 360 423 360 423 360 422 359 421 358 420 357 420 356 419 356 419 355 418 354 417 353 #
ិ 440 366 428 349 415 338 386 324 370 321 339 318 324 318 316 318 292 321 279 322 265 326 240 332 228 333 218 334 206 335 185 335 176 334 168 331 155 326 151 323 145 314 143 308 141 300 141 291 143 272 143 261 145 248 151 225 156 215 161 206 175 190 183 183 202 174 212 171 222 170 234 170 261 172 275 173 290 176 319 184 330 189 341 196 361 212 370 220 380 229 394 250 400 260 405 269 414 286 419 296 424 305 432 320 435 327 438 332 440 339 441 341 441 343 442 346 441 347 442 347 441 347 440 346 440 346 439 345 439 345 439 345 438 345 438 346 438 346 438 347 437 347 437 348 437 349 437 348 437 348 #
ិ 455 381 415 359 379 350 362 349 353 350 325 354 309 358 295 362 269 370 255 372 243 373 222 372 212 370 201 367 182 357 174 351 167 343 158 324 155 313 154 301 157 278 158 268 161 259 172 240 180 233 190 228 210 221 220 219 232 219 257 221 270 223 284 226 313 237 326 244 337 254 357 275 366 285 375 297 392 319 399 329 406 337 418 350 421 354 425 358 435 368 439 372 442 376 447 382 449 384 450 385 451 386 451 386 450 385 448 383 447 383 447 382 #
ិ 467 404 456 378 445 359 434 346 422 336 402 322 393 318 383 316 365 315 362 315 356 317 338 325 329 331 320 337 303 351 294 357 287 363 273 370 265 373 257 374 241 373 231 371 222 368 205 361 198 357 193 352 183 340 180 333 178 325 177 305 178 294 179 282 183 259 187 247 192 236 204 220 210 213 218 208 225 203 240 199 249 199 266 200 276 200 288 201 315 205 327 208 338 211 359 221 369 227 378 234 395 250 404 259 411 270 425 291 430 300 435 311 443 328 446 335 448 342 451 356 452 362 452 367 451 376 451 378 450 380 450 380 449 380 449 379 448 379 448 379 448 379 448 378 448 378 448 377 449 377 #
ិ 389 345 370 335 352 329 319 325 308 325 276 329 259 332 242 335 228 337 201 340 190 340 180 340 163 337 156 335 151 332 141 321 137 312 133 290 131 276 131 262 133 232 135 217 139 204 149 182 155 174 161 168 176 163 184 163 194 164 204 166 230 168 246 170 262 175 288 186 301 193 313 201 333 218 341 228 358 250 366 261 373 273 379 282 387 300 390 309 394 323 396 330 397 337 399 348 399 352 399 354 398 356 398 356 398 355 397 352 396 351 396 350 396 349 395 348 #
ិ 429 359 414 349 399 341 366 333 348 332 330 332 303 334 288 336 272 339 243 343 229 343 217 344 197 342 186 339 177 336 161 326 155 320 146 301 142 290 140 277 139 263 142 235 142 224 144 214 151 196 155 190 160 184 172 177 179 175 186 175 204 177 215 179 230 180 257 186 272 192 285 197 312 213 324 221 335 230 354 250 363 260 372 269 386 287 392 296 397 303 406 320 410 327 414 334 418 342 419 345 420 346 419 346 419 346 418 345 416 343 415 343 415 342 413 340 413 340 412 339 #
ិ 399 377 372 354 357 345 342 338 327 334 313 331 285 330 277 330 265 331 236 334 221 337 207 339 184 342 176 342 169 342 163 340 160 336 156 331 149 311 145 298 143 285 143 256 143 241 145 228 149 207 152 198 156 191 165 182 172 180 178 180 196 183 208 184 222 185 252 192 266 196 278 201 303 217 316 228 327 239 346 262 354 273 362 283 374 303 378 311 388 326 391 334 395 340 397 345 401 354 402 356 401 358 400 360 399 360 398 359 397 359 397 359 397 362 397 363 397 363 397 364 397 364 397 363 #
ិ 451 383 424 354 411 348 385 343 379 343 370 346 344 355 332 362 309 376 299 382 289 386 273 392 266 392 261 392 256 391 253 389 249 385 244 379 230 359 223 347 218 333 211 304 210 290 211 277 212 260 214 254 215 249 220 239 223 235 228 230 240 223 247 221 255 219 273 215 283 215 300 216 310 218 322 221 343 230 353 235 361 240 376 250 382 255 388 261 399 276 404 284 408 293 416 311 419 320 423 328 425 335 429 346 430 350 431 354 432 355 432 355 431 355 430 354 429 353 428 351 428 351 427 350 427 350 427 350 427 349 427 349 427 348 #
ិ 384 361 365 330 352 320 323 306 306 301 287 296 248 287 228 284 210 282 176 280 162 281 137 281 127 281 118 281 110 279 99 275 95 272 92 268 92 260 93 256 94 239 96 228 98 216 104 195 108 187 114 180 120 174 139 167 150 165 173 168 187 168 202 170 232 178 247 185 261 192 274 201 296 220 305 230 323 252 332 264 340 276 346 287 356 304 360 312 368 323 371 328 374 333 378 339 380 342 381 344 382 346 382 345 382 344 381 343 380 342 380 342 378 337 #
ិ 398 391 368 362 351 353 333 347 294 342 276 342 259 342 237 344 224 344 208 343 178 338 164 333 151 327 130 308 123 298 118 286 113 260 114 248 116 235 118 218 121 209 125 201 137 189 145 185 154 184 179 186 195 188 211 193 245 207 262 217 276 228 303 250 316 262 326 273 344 294 352 303 358 312 366 326 371 333 376 341 384 358 387 366 390 372 393 380 393 381 393 382 393 382 392 381 391 380 390 379 390 379 389 377 389 377 388 376 388 374 #
ិ 427 367 401 341 387 334 355 328 340 327 325 328 304 331 291 333 278 335 250 339 238 342 226 344 206 345 199 344 191 342 176 335 170 330 165 325 155 311 151 303 148 296 142 281 141 273 142 260 143 255 143 250 145 246 147 242 149 239 159 230 166 225 175 221 196 215 206 212 217 210 238 209 249 209 257 210 280 216 292 223 305 233 318 243 338 265 346 276 354 286 367 306 375 314 390 330 396 338 402 344 408 350 417 359 420 363 425 368 427 369 427 369 427 369 428 369 428 368 428 368 427 367 427 366 425 365 #
ិ 430 392 410 362 403 353 395 347 382 339 375 338 366 336 357 335 348 334 339 333 320 334 310 335 300 337 282 343 274 346 268 349 253 355 246 357 238 359 223 361 217 361 211 361 198 358 192 356 186 354 177 347 173 342 166 328 163 319 161 310 158 292 158 283 159 274 162 260 162 256 163 251 165 241 167 236 170 231 179 222 185 218 191 215 209 208 218 206 227 205 246 204 256 204 266 204 285 205 295 206 306 207 327 210 337 213 345 216 358 222 365 225 371 229 382 236 386 240 389 244 395 254 397 259 399 264 403 277 405 283 407 289 411 303 413 309 415 315 418 328 420 334 421 340 425 352 426 358 427 365 429 374 430 379 430 383 432 388 434 390 434 392 435 394 435 394 435 394 434 393 434 392 434 391 434 390 433 390 433 390 433 388 433 388 433 387 #
ិ 387 379 358 352 343 344 328 339 317 336 302 333 266 328 250 327 233 327 204 327 191 328 177 328 153 328 142 328 133 326 120 320 115 316 111 310 104 296 103 288 102 278 103 255 103 242 105 231 111 210 116 202 122 198 127 195 141 194 149 195 160 196 191 203 206 207 220 214 249 231 264 240 287 261 298 271 309 284 329 306 338 316 345 324 351 332 362 345 367 350 371 354 376 360 378 362 380 362 382 364 383 364 383 364 382 362 381 362 380 361 #
ិ 413 352 382 333 346 322 323 317 300 312 256 304 238 302 222 299 194 292 183 289 174 283 163 275 157 268 152 261 145 245 144 236 144 226 147 210 150 203 153 195 163 184 169 181 178 179 202 180 216 183 232 186 260 196 273 202 285 209 310 230 322 242 332 254 350 277 358 288 366 298 379 315 386 323 392 331 404 343 408 349 412 352 415 354 416 354 415 353 414 351 413 350 412 349 410 348 #
ិ 404 355 392 343 379 334 365 329 350 325 335 323 310 322 294 322 276 321 259 321 229 322 214 321 185 315 170 311 158 306 138 293 130 288 124 282 118 268 116 261 115 253 115 247 119 231 120 220 127 197 133 186 141 178 158 166 167 163 179 163 190 164 216 168 232 173 249 183 279 203 291 214 302 225 324 253 334 268 342 281 357 307 363 317 370 326 380 340 383 343 387 347 388 348 389 348 391 347 390 347 390 346 388 345 #
ិ 448 371 439 354 428 342 402 324 390 318 364 313 351 312 338 312 330 313 301 317 284 319 267 322 232 328 215 330 184 331 171 330 162 327 141 315 132 307 125 298 115 278 113 266 111 254 114 229 115 220 118 210 131 189 141 181 153 174 182 165 197 163 212 162 239 164 253 165 267 168 292 176 304 183 316 191 336 208 343 218 351 229 365 250 372 261 378 272 390 294 396 305 401 315 414 336 420 343 425 348 431 356 434 358 435 358 436 358 436 357 435 357 433 355 432 355 432 354 430 351 #
ិ 391 411 375 401 341 388 323 384 292 378 276 377 257 373 222 369 203 364 185 359 157 346 146 339 137 331 123 315 119 307 116 298 111 277 111 266 112 255 116 232 120 221 136 204 146 196 157 191 181 186 194 187 207 189 216 190 243 198 258 205 284 222 295 233 306 245 324 269 332 281 338 294 349 317 354 328 359 337 365 351 369 358 372 365 378 378 380 384 382 390 386 399 388 403 389 405 390 408 390 408 390 407 389 405 388 404 387 404 386 403 #
ិ 452 386 427 344 411 333 377 317 358 313 331 309 317 309 301 309 285 310 254 316 240 319 228 323 205 330 195 332 186 332 174 331 170 329 165 325 157 311 154 303 152 293 150 272 151 260 153 239 155 229 158 220 167 204 173 198 181 194 198 191 209 191 219 193 250 198 266 202 283 208 315 225 329 233 344 243 371 266 383 276 393 287 409 306 415 314 423 322 436 338 441 345 445 350 449 358 450 360 450 360 449 360 448 359 447 358 445 357 444 357 444 356 #
ិ 380 393 360 362 347 352 334 345 321 340 307 337 285 332 270 330 253 327 221 319 206 314 192 309 170 295 161 287 154 279 143 259 137 244 133 229 127 199 127 184 128 171 134 156 139 148 146 142 162 138 171 137 183 138 215 146 234 155 253 163 281 183 293 194 305 206 325 230 333 243 339 255 351 280 356 293 361 304 368 325 370 334 373 343 377 357 379 363 381 369 385 377 386 380 386 382 386 383 386 383 386 382 385 380 384 379 384 378 383 376 383 376 #
ិ 425 380 380 370 360 367 332 369 317 371 301 375 285 378 252 381 237 381 207 377 193 373 181 368 171 362 156 350 152 344 149 337 144 321 143 311 143 288 145 277 146 268 152 252 156 245 161 240 167 237 181 234 190 235 197 236 224 245 239 251 253 257 279 271 290 278 304 288 330 307 340 318 350 328 369 345 376 352 388 362 392 366 397 370 398 371 403 376 406 378 407 379 410 381 410 381 410 381 410 380 409 379 408 379 407 379 406 378 406 377 406 377 #
ិ 424 349 400 329 388 324 376 320 357 317 343 316 327 315 293 313 277 313 261 311 234 311 223 311 213 311 195 310 183 308 161 303 152 298 144 294 132 281 129 273 126 264 124 241 124 227 125 212 127 196 136 167 143 154 158 139 167 133 177 130 200 128 211 130 219 132 245 136 259 140 272 144 296 155 308 163 319 172 328 181 345 204 354 218 370 247 377 261 383 275 393 298 396 309 399 319 404 332 408 339 411 347 413 353 417 360 417 362 417 361 416 360 415 359 415 358 413 358 #
ិ 443 385 428 366 414 355 383 346 366 346 357 348 326 358 308 366 291 375 264 390 251 397 240 401 219 406 210 406 205 404 190 397 182 390 175 380 163 355 157 339 153 322 148 287 148 270 148 254 150 230 152 221 154 216 159 212 163 212 168 214 176 217 186 220 196 223 209 226 242 238 258 245 272 252 299 268 312 277 338 293 350 303 361 311 380 325 388 331 394 337 405 347 407 349 410 353 413 356 417 361 418 363 420 364 420 364 420 364 419 362 419 361 418 360 418 359 #
ិ 392 354 374 326 364 316 338 306 326 303 311 300 278 298 261 298 227 298 212 299 197 301 184 302 161 305 151 306 142 307 131 305 126 302 121 297 114 285 111 279 109 271 108 252 108 243 109 234 112 218 115 209 118 202 128 186 135 180 142 175 160 168 171 166 184 165 209 166 221 167 230 168 254 171 265 174 275 178 296 191 306 199 316 209 333 228 339 236 345 244 354 258 360 267 365 276 374 290 378 297 380 303 383 313 384 317 384 321 384 327 384 329 384 330 383 331 383 331 382 330 381 328 381 328 381 327 380 325 381 325 #
ិ 421 367 398 349 355 332 336 327 317 323 280 320 270 319 254 316 221 309 205 304 190 298 168 288 159 282 153 276 146 267 144 262 140 255 136 237 136 228 136 219 137 206 139 199 142 193 150 184 155 181 161 178 178 178 189 180 202 181 236 187 254 191 268 197 292 208 302 214 322 230 331 239 339 248 346 259 361 281 368 292 374 302 385 320 390 328 395 335 405 349 410 355 414 362 421 371 422 372 423 374 423 373 422 373 421 371 420 370 419 369 418 369 417 367 414 362 #
ិ 426 356 413 345 401 338 378 330 368 329 357 328 339 329 329 329 315 330 288 330 274 331 262 331 238 331 227 330 216 329 194 325 185 322 177 319 165 316 161 313 158 310 156 304 154 301 152 296 148 284 147 278 148 264 149 257 150 251 152 239 154 232 156 227 159 223 168 219 174 218 191 221 202 222 214 223 242 226 255 228 268 231 293 240 304 244 314 249 331 260 339 265 345 271 358 284 365 292 373 301 387 317 392 324 398 331 406 340 408 344 410 346 412 349 413 349 412 348 411 346 411 345 410 345 408 344 407 343 406 343 #
ិ 447 365 414 338 399 331 385 327 358 327 352 327 342 330 315 338 300 343 285 347 253 354 237 354 222 354 208 353 188 351 180 348 172 345 158 334 152 326 147 317 141 297 140 285 140 274 144 251 147 239 151 227 163 205 170 196 187 182 195 178 204 175 222 172 231 173 240 174 258 177 270 179 281 184 305 194 316 202 326 209 343 224 351 232 357 238 373 257 381 267 389 278 400 296 405 304 409 311 416 322 419 327 423 331 429 338 430 341 431 343 432 346 432 347 433 347 433 347 432 347 432 346 431 345 431 344 432 344 433 344 #
ិ 402 347 382 337 363 329 326 317 313 313 284 305 270 303 256 302 242 302 218 301 209 300 198 298 178 289 170 283 163 277 156 265 154 259 154 254 158 241 159 233 160 224 168 205 175 197 182 190 200 180 210 177 220 177 237 180 247 182 260 187 287 202 299 213 310 224 328 246 335 257 342 269 352 289 357 299 362 309 373 326 378 333 381 339 387 347 390 349 392 351 394 354 395 354 395 354 395 353 395 353 394 352 393 350 392 348 #
ិ 464 375 453 353 441 339 413 327 399 324 384 324 362 323 345 323 324 324 281 325 261 325 223 324 207 322 191 320 164 312 152 307 141 301 124 289 118 282 114 274 111 256 111 245 112 233 116 213 116 200 119 186 127 163 133 154 140 147 157 139 165 137 174 138 201 140 218 143 238 148 273 161 287 169 299 178 323 196 333 205 342 215 359 234 365 244 372 254 385 273 390 281 394 289 404 305 409 313 414 320 422 333 427 339 431 344 437 351 440 355 442 357 445 361 446 362 447 363 448 364 449 364 448 363 448 362 447 361 447 359 #
ិ 461 386 447 370 433 359 417 353 401 348 385 346 351 345 340 346 324 347 284 350 265 351 246 351 213 350 199 349 186 347 170 342 164 337 157 331 148 311 144 299 142 283 143 248 144 232 147 215 159 188 166 178 174 170 192 163 201 163 211 165 229 170 242 175 258 182 287 200 300 209 311 218 332 237 342 246 351 254 367 268 372 274 378 280 389 292 394 299 399 305 408 321 413 329 417 335 424 345 427 348 428 351 429 353 430 354 431 356 434 361 435 364 436 366 437 371 438 372 438 373 439 374 438 374 438 374 438 374 438 374 438 373 437 372 437 372 437 371 437 370 437 370 435 367 #
ិ 441 351 412 319 398 313 366 309 356 310 344 311 308 319 291 322 274 326 241 333 226 335 211 335 187 333 178 331 169 329 155 320 151 315 147 308 142 287 142 275 144 259 148 224 153 207 159 192 175 169 185 162 195 158 217 157 225 158 239 162 271 177 286 186 302 196 330 220 342 232 352 244 372 269 380 281 387 292 398 313 403 323 407 331 414 343 416 346 417 348 419 349 419 349 418 348 416 346 416 345 415 345 414 341 #
ិ 410 347 399 330 387 319 372 312 357 308 340 306 329 305 298 306 279 309 261 311 227 318 211 321 181 324 167 323 155 321 145 317 131 308 127 302 126 291 126 283 127 273 129 263 134 235 138 221 145 208 162 188 174 180 200 172 214 172 228 173 255 177 270 183 284 191 312 211 324 223 334 234 349 257 356 267 361 276 370 293 374 301 378 310 388 325 391 333 394 338 398 344 399 346 399 347 397 347 397 346 396 345 394 344 394 343 393 343 392 337 #
ិ 421 340 412 320 401 304 373 285 357 278 344 273 312 267 294 263 277 260 246 257 234 255 223 254 203 251 194 249 186 247 171 241 165 235 161 229 153 214 151 205 154 186 154 178 157 167 163 155 178 135 189 128 214 118 228 115 242 115 265 117 279 120 295 127 310 135 336 158 347 170 366 198 373 213 380 226 391 253 396 266 400 277 409 300 412 310 415 319 417 326 420 333 420 335 419 334 418 332 417 331 417 330 415 327 415 327 414 325 #
ិ 429 313 398 298 381 296 364 296 336 298 318 301 300 305 266 312 252 314 240 316 221 316 211 314 199 309 175 292 164 282 154 271 138 244 133 231 131 217 130 189 132 177 132 167 137 152 142 148 147 145 160 146 169 146 183 147 214 152 229 156 244 160 270 171 283 179 296 189 317 210 325 220 332 232 343 250 347 259 352 266 361 278 367 283 372 288 381 296 384 299 385 300 387 301 387 300 386 299 384 297 383 297 383 296 382 294 382 294 #
ិ 442 393 433 352 423 339 411 329 383 318 362 311 341 306 296 298 275 294 257 291 223 285 208 283 183 275 173 271 164 266 158 259 153 243 152 234 154 212 155 204 158 194 169 175 176 168 184 163 204 158 217 158 232 161 267 170 285 179 302 188 333 211 346 222 358 233 377 258 386 270 394 281 407 304 413 315 419 325 429 342 432 349 435 354 439 361 440 364 440 365 439 363 438 362 437 361 436 359 435 359 433 355 #
ិ 417 364 386 342 367 336 346 331 304 327 281 326 257 326 212 328 191 328 173 329 140 331 126 331 114 332 99 329 92 327 84 324 72 310 68 300 66 289 68 263 68 251 72 236 83 209 91 198 100 189 123 178 137 175 152 175 182 177 202 183 220 189 256 207 272 218 286 231 314 258 326 273 337 287 354 310 361 322 367 331 382 351 389 360 396 367 405 376 407 379 409 380 409 379 408 377 407 376 405 375 403 373 #
ិ 424 351 411 333 397 322 379 313 359 305 341 300 298 289 278 286 259 283 227 277 213 273 200 270 182 262 174 255 165 248 154 232 151 224 149 216 150 200 150 192 151 189 156 180 160 175 167 171 186 168 198 168 213 169 248 172 264 174 280 177 308 183 320 187 331 191 351 202 359 208 368 213 380 226 384 232 389 240 399 261 403 273 407 283 414 304 418 313 421 321 426 330 427 333 428 335 428 335 427 335 427 334 425 332 424 331 424 330 422 328 422 328 422 327 #
ិ 446 348 422 339 401 337 368 340 351 343 331 347 289 353 268 354 249 353 210 342 193 335 180 326 157 304 149 287 141 271 128 236 127 222 128 209 132 191 134 188 138 185 151 180 161 179 173 179 202 180 219 181 239 183 274 190 288 193 300 198 325 208 335 216 344 223 362 237 370 244 379 251 390 264 395 269 398 274 404 281 406 283 407 286 408 287 408 287 407 287 405 286 405 286 404 286 404 285 #
ិ 417 339 372 333 353 330 321 326 304 323 286 320 249 310 234 303 221 297 197 284 187 278 179 273 168 262 164 255 163 250 161 235 162 227 163 218 166 200 170 191 176 185 191 178 200 177 210 178 233 181 248 187 263 194 291 209 305 220 318 230 339 249 347 258 354 266 366 279 371 284 375 289 383 302 386 308 389 313 393 321 395 325 396 328 397 331 396 331 396 330 395 330 395 329 394 329 394 328 393 328 394 329 394 329 395 330 396 330 398 331 399 331 400 330 #
ិ 415 352 400 314 390 302 367 286 355 283 344 280 322 279 317 279 308 280 281 284 266 288 253 292 229 298 218 300 209 301 191 302 183 302 175 299 159 292 154 288 150 284 146 273 147 268 148 265 150 251 152 241 155 230 164 209 170 200 177 192 190 181 198 178 206 177 224 176 233 177 245 178 269 181 282 184 295 187 318 195 328 200 336 204 349 213 354 217 360 223 371 235 376 243 385 257 389 265 391 272 394 279 397 292 399 298 401 304 404 317 407 323 410 334 412 338 413 342 414 345 416 349 415 350 415 348 414 347 414 347 413 345 413 344 413 344 413 344 #
ិ 447 340 433 326 418 318 403 315 387 314 375 315 339 319 319 323 300 327 264 334 247 337 232 338 205 339 197 337 188 335 169 327 160 320 151 313 136 296 131 287 128 279 125 263 126 255 128 247 130 231 133 224 140 215 158 204 170 200 184 198 212 196 226 198 239 198 271 202 284 205 297 210 321 219 331 224 340 231 356 245 363 252 370 260 382 274 387 281 393 288 404 303 409 310 413 316 421 327 425 331 428 335 432 339 433 340 434 339 433 339 432 338 431 337 429 336 429 333 #
