ុ 285 276 286 278 288 280 289 283 292 287 292 289 293 291 293 294 293 296 293 297 293 300 293 302 293 303 292 305 292 307 292 308 290 311 290 312 289 313 287 314 286 315 284 315 280 315 278 315 276 315 270 314 267 314 265 313 259 312 256 312 253 312 248 310 246 310 244 309 240 307 238 306 237 305 235 302 234 301 234 299 233 296 233 295 233 293 233 290 233 289 234 288 234 285 235 283 235 282 236 279 237 278 237 277 238 275 239 274 240 273 243 271 245 270 246 270 251 270 254 271 257 271 263 272 266 273 269 273 273 275 275 275 277 276 281 279 282 280 284 281 287 285 288 287 289 289 290 296 290 301 291 308 291 323 291 332 291 342 290 359 289 368 289 376 288 392 288 399 287 406 287 421 286 429 285 436 284 449 283 456 283 462 282 472 281 476 281 478 280 482 280 483 280 483 279 485 279 485 279 485 279 484 279 483 279 482 279 481 279 480 279 479 279 478 #
ុ 287 335 272 328 266 325 261 322 251 315 248 312 245 309 238 301 235 298 232 294 229 288 228 286 228 284 230 281 231 281 232 281 233 279 235 279 236 279 244 278 249 278 255 278 265 280 269 281 274 281 281 284 284 285 286 287 290 293 292 297 293 302 294 313 294 319 293 325 292 339 291 348 291 357 289 378 289 389 289 401 289 424 289 433 290 441 290 455 291 460 291 464 291 469 291 471 291 473 291 473 291 473 291 473 291 473 291 473 291 473 291 473 291 472 291 471 291 471 #
ុ 315 306 315 313 315 316 315 319 314 323 312 326 310 327 304 331 300 331 296 332 285 331 280 330 275 329 266 326 263 325 259 323 253 319 250 317 248 314 246 309 245 307 246 302 246 300 247 297 248 293 249 292 250 290 254 286 256 285 259 283 262 282 268 281 272 281 274 281 279 282 282 282 285 284 293 290 296 294 299 298 305 307 308 312 310 316 313 323 314 327 317 339 319 349 320 359 322 380 322 391 323 402 323 422 324 431 324 439 324 454 324 460 324 464 323 470 323 472 323 471 323 471 323 470 323 469 323 467 322 467 322 466 #
ុ 311 309 311 312 311 316 311 322 311 333 311 339 312 355 312 363 313 370 314 383 314 389 314 395 315 407 315 412 316 419 317 430 317 436 318 441 318 451 318 455 319 457 319 463 319 465 320 468 320 472 320 473 320 475 320 476 320 475 320 475 320 474 321 475 321 476 323 483 323 486 #
ុ 270 326 290 331 296 335 306 343 309 348 310 350 311 359 312 364 313 372 314 387 314 396 314 404 313 421 313 429 313 436 312 452 312 460 312 467 312 481 312 488 312 493 311 501 311 504 311 506 310 507 310 508 310 508 310 507 310 507 310 507 310 507 310 508 310 509 310 510 #
ុ 307 328 305 335 302 342 293 350 289 351 285 352 277 353 273 352 272 352 269 350 267 349 266 347 263 342 263 339 263 336 264 329 265 325 266 321 269 314 271 311 273 309 277 306 279 305 281 305 283 306 285 306 286 307 291 313 294 317 296 321 302 333 304 340 307 348 311 365 312 375 314 384 318 405 320 415 321 425 324 445 325 454 325 462 324 474 324 479 323 491 324 496 324 501 324 504 323 506 323 506 323 506 323 503 323 503 323 502 #
ុ 311 346 303 354 287 363 280 364 274 364 271 363 268 362 266 361 261 357 259 354 258 352 257 347 257 344 258 341 260 334 262 330 264 327 269 322 272 320 274 318 279 316 281 316 283 317 286 318 288 320 291 323 297 330 300 336 303 343 308 358 311 365 312 373 314 390 315 400 316 410 316 432 316 443 316 455 315 466 314 488 312 499 311 516 310 522 310 527 309 532 308 533 308 533 307 531 307 530 307 529 308 527 #
ុ 302 354 285 347 272 342 263 338 253 331 251 328 250 325 250 319 250 318 251 318 252 315 253 314 255 312 260 308 263 307 268 305 270 304 273 304 277 305 280 307 283 309 291 318 295 322 298 328 301 335 305 347 307 353 309 368 310 376 310 386 311 406 312 416 312 425 313 442 314 450 314 458 315 472 316 478 317 484 318 492 317 494 317 496 318 497 318 497 318 496 318 494 318 494 318 496 319 496 #
ុ 290 327 291 338 290 347 289 354 287 360 285 364 284 366 281 367 279 367 277 367 271 365 268 365 263 362 255 357 252 354 249 350 244 344 243 342 243 339 243 333 244 330 244 327 248 318 251 314 254 310 262 305 266 302 269 301 276 300 279 301 282 302 286 303 288 304 291 305 297 312 300 317 303 323 307 334 309 340 311 348 313 362 314 371 314 379 315 398 315 411 315 422 314 442 313 452 313 466 312 470 312 473 312 482 312 485 312 488 312 492 312 493 312 493 312 491 312 490 312 490 312 487 #
ុ 297 354 288 351 283 348 276 341 273 337 270 333 268 323 268 318 269 314 270 305 273 299 275 294 281 285 284 282 288 280 295 278 298 278 302 278 307 280 309 281 312 282 319 288 323 292 328 297 335 306 338 311 340 315 344 324 346 328 347 333 349 344 350 350 350 357 350 373 350 381 349 389 348 407 347 415 347 423 345 441 344 448 344 456 344 469 344 475 345 481 346 492 346 497 346 501 347 505 347 506 347 506 347 505 347 505 348 504 348 503 348 502 348 501 348 500 348 500 348 499 348 498 348 497 #
ុ 305 323 308 330 309 337 311 349 311 352 310 358 306 366 303 370 296 377 293 379 290 380 285 380 281 380 280 379 277 378 275 376 273 373 269 365 268 361 267 356 265 345 264 339 264 334 265 324 266 321 267 317 268 314 268 312 270 311 273 307 275 306 277 305 280 304 282 305 284 305 288 306 291 308 296 310 304 316 308 320 311 323 316 330 319 334 322 339 326 350 327 357 327 365 326 383 326 394 325 406 322 430 320 442 318 451 316 467 315 472 314 477 313 482 312 483 311 483 310 481 309 480 309 479 308 478 308 479 308 480 308 481 #
ុ 279 359 276 380 271 395 262 410 256 412 251 412 247 411 243 408 238 405 229 395 225 390 221 384 217 372 216 366 216 361 216 352 217 349 219 345 225 339 229 337 233 335 242 334 246 335 249 337 256 338 260 341 264 344 270 354 272 360 275 366 279 385 280 397 282 409 284 434 285 447 287 461 288 486 289 497 290 508 293 525 295 532 297 538 300 546 301 548 301 548 302 547 302 546 302 544 301 544 300 542 #
ុ 261 293 259 311 256 324 253 333 243 342 238 343 230 343 227 342 223 339 215 335 212 332 209 329 207 327 205 323 205 321 205 319 207 315 207 313 211 308 215 305 218 303 222 301 228 300 232 299 235 299 236 299 238 301 241 303 247 314 250 320 253 327 258 343 260 353 263 362 266 383 268 394 271 418 271 430 272 440 272 449 272 464 273 469 273 473 273 478 273 479 273 479 273 479 273 478 273 478 273 475 #
ុ 302 295 294 312 284 330 280 334 276 337 275 338 274 338 272 338 268 338 266 337 261 337 258 336 255 335 248 331 244 329 240 327 234 324 232 322 231 321 230 318 229 316 229 314 230 310 230 308 231 306 232 301 233 298 234 294 238 288 240 285 242 282 248 276 252 274 255 272 260 270 263 269 266 269 270 269 272 270 273 271 277 272 281 275 285 280 293 291 296 297 299 302 303 314 305 319 306 323 307 332 308 336 308 341 308 354 308 362 307 369 306 386 305 394 305 403 304 419 304 426 303 434 302 449 302 455 301 462 301 472 300 475 300 476 299 479 299 480 299 480 299 481 299 482 299 482 299 482 299 482 299 482 299 481 299 481 299 481 299 480 299 479 299 479 299 478 299 477 299 477 #
ុ 284 333 283 340 278 352 276 356 273 359 266 362 263 363 259 363 254 362 251 362 248 361 241 358 238 356 235 353 230 349 228 347 227 345 225 341 225 339 225 337 227 334 227 333 228 330 233 323 237 318 241 313 250 305 255 301 260 297 269 293 273 292 277 291 283 291 284 292 284 293 286 294 288 295 290 298 294 305 295 309 297 313 299 321 300 325 301 329 302 337 303 341 303 347 304 358 303 365 303 372 302 386 302 393 301 401 301 418 301 426 301 434 301 451 302 458 302 465 302 476 302 481 302 485 303 493 303 496 303 499 303 504 303 506 303 508 304 513 304 515 304 517 305 520 305 521 305 522 305 523 305 523 305 522 305 522 305 522 305 522 304 522 304 522 304 521 304 520 #
ុ 307 327 304 337 298 353 295 358 291 362 289 363 287 365 283 366 281 366 277 366 274 365 265 362 261 361 257 359 250 354 246 349 243 346 239 338 238 335 239 328 240 325 241 322 243 313 245 309 248 304 255 296 259 292 262 290 270 287 274 286 278 286 286 287 290 288 293 288 301 291 306 293 310 297 320 305 324 309 328 313 333 320 335 324 335 326 336 330 337 334 339 351 339 359 339 367 338 375 337 392 337 402 336 411 334 428 334 438 333 447 333 464 333 471 332 478 331 488 331 492 330 496 330 506 330 510 330 514 330 521 330 523 330 524 330 527 330 527 330 528 330 528 330 527 330 527 330 525 330 523 330 522 #
ុ 295 342 294 346 292 354 290 357 288 360 286 362 284 364 282 366 280 368 273 370 270 371 267 371 261 370 257 369 253 368 245 364 241 362 238 360 233 355 232 353 230 351 230 346 231 342 233 339 234 333 236 328 239 324 247 313 252 308 257 303 269 294 274 291 280 288 289 286 293 286 296 286 299 288 300 288 302 289 307 294 311 298 315 303 321 315 323 321 326 327 330 339 331 346 332 353 334 367 335 374 335 381 334 396 333 403 333 411 332 430 331 439 331 448 330 465 330 474 329 482 329 497 328 504 328 509 328 518 327 521 327 522 327 525 327 525 327 525 327 529 327 532 327 534 328 537 328 538 329 539 329 538 330 536 330 536 330 536 #
ុ 295 303 300 332 300 343 298 359 297 363 294 366 287 372 283 374 278 376 269 376 264 376 261 375 252 371 247 368 243 364 237 356 235 352 235 349 234 343 235 339 236 337 237 334 238 332 240 330 246 326 249 325 253 323 259 320 262 319 264 318 268 318 269 319 270 319 275 322 278 324 280 327 287 336 289 341 293 347 299 362 302 371 304 380 307 398 309 407 309 416 311 434 311 442 311 451 311 467 311 475 312 482 312 494 312 498 312 500 312 503 312 503 312 503 311 500 311 499 311 498 311 495 311 494 311 494 311 493 #
ុ 312 306 304 338 300 348 291 360 289 362 287 363 276 368 270 369 264 370 254 371 249 371 246 371 240 370 237 369 235 368 232 364 232 363 232 361 233 357 235 355 236 352 239 345 242 341 245 336 251 329 255 326 258 323 265 318 268 316 271 315 276 314 278 315 279 315 280 316 283 319 285 322 292 329 295 332 297 335 301 340 303 342 304 343 305 348 306 352 307 358 309 376 308 386 308 397 307 419 307 431 306 441 305 459 305 467 304 472 304 480 304 482 304 484 304 486 304 487 304 487 304 485 304 485 304 484 304 483 304 482 304 479 304 479 305 479 #
ុ 292 259 297 278 301 291 303 302 304 316 303 318 303 319 299 327 296 331 292 335 282 342 276 344 271 346 266 345 257 344 254 343 248 342 245 341 242 340 237 337 235 336 234 334 232 330 231 327 231 325 230 320 230 317 230 314 231 308 232 304 233 301 233 299 234 293 235 290 237 284 238 282 240 279 244 276 246 274 248 272 252 269 255 268 257 267 262 265 265 265 267 264 270 264 274 265 276 266 279 267 280 267 281 268 284 269 286 270 289 272 294 275 296 277 298 279 302 282 303 284 304 285 305 286 306 287 306 288 306 290 307 292 307 294 309 299 309 303 309 307 310 316 310 322 311 328 312 335 313 351 313 361 314 372 314 392 314 402 313 411 313 430 313 438 312 453 313 461 313 468 313 475 314 488 314 492 314 495 314 497 315 497 315 495 315 493 315 492 315 489 315 488 315 487 315 486 #
ុ 310 294 311 299 312 304 312 309 312 319 312 324 312 328 312 335 311 338 310 341 306 349 304 353 301 356 296 361 294 363 291 364 286 365 283 365 280 365 274 364 272 363 269 362 265 361 262 360 260 360 256 357 254 356 253 355 251 351 250 348 249 345 249 337 249 333 249 330 250 326 251 324 251 322 253 318 254 317 254 315 255 311 256 310 256 308 258 304 260 303 261 302 263 299 265 299 266 298 269 296 271 296 272 296 275 296 277 296 278 296 280 296 281 296 282 297 284 298 285 298 285 298 287 299 288 300 289 300 292 301 294 302 295 303 297 305 299 305 300 306 303 309 304 311 305 313 309 319 310 322 312 324 314 329 315 332 316 334 317 339 317 343 318 347 318 360 319 366 319 373 319 388 319 395 319 403 320 420 320 428 321 436 322 450 322 456 322 461 322 469 322 471 322 472 322 472 322 471 322 470 322 468 322 467 322 467 321 465 321 464 321 464 321 463 #
ុ 302 289 303 313 300 344 297 354 294 363 290 368 287 370 282 373 274 376 270 377 266 377 261 376 259 376 257 375 255 374 252 373 250 371 247 366 245 363 244 360 241 352 240 349 239 346 240 339 240 336 240 333 241 328 241 325 242 322 243 316 245 312 246 309 250 303 253 299 257 296 263 292 265 291 267 290 272 290 274 290 275 291 277 293 278 294 279 295 281 296 282 297 284 298 287 304 289 306 291 309 296 315 297 319 299 322 302 332 304 338 305 345 308 363 309 373 311 383 313 403 315 412 316 421 319 437 321 444 322 451 325 464 325 471 326 477 326 487 326 489 326 491 326 493 326 493 326 493 325 492 325 492 325 493 324 495 324 495 324 494 324 493 #
ុ 299 259 297 286 295 303 292 315 284 331 279 334 277 335 270 337 265 338 259 338 248 337 241 335 235 333 224 330 219 327 216 325 212 320 212 318 212 316 213 312 214 309 215 306 217 295 219 290 222 284 226 273 228 268 230 265 235 257 237 254 240 251 246 247 249 246 252 246 258 246 261 247 263 247 268 249 271 250 274 251 279 251 281 252 284 252 288 254 289 255 291 256 294 259 296 261 298 263 302 270 304 272 305 276 307 283 308 288 308 292 310 307 311 316 311 324 312 340 312 349 313 358 313 375 314 383 315 391 316 406 316 413 317 420 317 432 318 437 318 441 317 449 318 451 317 452 317 452 317 452 317 452 317 452 317 451 317 450 317 448 317 447 317 446 319 444 #
ុ 325 295 316 311 309 322 302 329 295 333 286 336 286 336 284 335 278 332 272 328 267 322 256 312 252 305 248 300 245 290 246 284 246 280 247 274 250 269 252 265 261 257 266 253 271 251 282 248 288 248 293 248 302 249 305 250 308 251 312 252 315 254 319 256 327 265 331 271 335 277 340 290 342 297 344 304 347 318 348 325 348 333 349 355 349 367 348 378 347 400 347 411 346 422 345 443 344 453 343 463 342 486 341 496 340 504 340 515 339 519 339 521 339 521 339 520 339 518 339 516 339 515 339 514 339 514 339 513 339 512 339 511 340 510 340 509 #
ុ 307 263 306 306 305 319 302 330 293 345 287 349 281 352 273 352 269 351 265 349 252 342 246 338 241 333 233 323 230 318 228 313 229 301 230 297 232 290 239 276 244 271 249 265 260 255 265 253 274 251 277 251 279 252 282 253 291 261 296 267 305 284 308 295 312 307 318 328 321 340 323 352 325 376 325 388 325 400 325 420 324 430 324 439 325 456 325 466 325 475 324 493 324 501 324 508 325 520 325 526 326 529 327 533 327 532 327 531 327 530 #
ុ 299 264 287 282 278 292 264 296 262 296 258 295 249 289 243 284 238 278 228 264 225 257 223 250 222 236 223 229 224 223 229 213 233 209 238 205 251 200 257 199 263 199 275 199 279 200 283 202 295 204 300 207 306 209 316 216 321 221 326 227 332 239 335 245 337 252 339 266 339 273 339 280 338 299 338 310 337 321 336 345 336 356 336 367 334 388 334 397 334 406 332 425 332 434 331 441 330 457 329 465 329 472 329 485 329 490 330 493 330 498 331 499 331 500 333 500 333 499 334 499 #
ុ 250 233 273 257 280 265 284 273 287 286 287 292 287 294 284 301 281 306 277 311 267 321 261 324 248 326 242 325 238 324 232 321 219 309 214 303 209 297 206 284 206 278 207 274 209 260 211 250 214 240 224 220 229 212 235 205 247 196 253 194 259 194 267 195 270 196 274 199 284 208 290 216 295 224 302 245 304 256 307 268 309 292 310 305 311 318 311 343 311 354 310 366 309 388 309 402 308 415 306 441 305 452 303 470 302 477 301 484 300 494 299 497 299 498 298 499 298 498 297 497 297 496 298 492 298 491 300 491 #
ុ 304 244 312 262 316 278 319 306 317 316 316 321 308 333 304 337 299 339 289 340 285 339 279 337 264 327 258 320 253 313 247 296 246 287 246 280 248 266 251 257 254 249 264 231 270 223 277 217 291 210 298 210 305 211 316 213 321 215 327 218 339 230 344 238 349 248 357 268 360 279 362 290 363 314 363 327 362 355 361 370 360 386 359 401 356 430 354 443 353 455 350 475 348 483 347 489 345 498 344 501 343 504 342 506 342 506 342 506 343 504 343 503 #
ុ 276 254 280 276 281 294 281 306 278 316 273 323 262 333 256 335 248 334 245 333 241 330 235 326 223 314 217 307 210 295 208 290 207 285 209 277 210 274 212 270 215 265 224 255 230 251 236 247 248 242 255 240 261 240 272 241 276 242 281 244 284 246 287 251 294 265 298 276 301 287 305 311 306 324 307 337 308 350 307 375 308 389 307 417 307 431 307 444 306 457 305 481 305 491 304 500 302 515 301 518 300 520 300 518 300 515 300 515 #
ុ 333 259 330 282 324 306 321 313 316 317 307 319 306 319 303 318 293 316 287 315 280 312 268 305 264 301 260 297 255 288 254 283 255 276 256 264 257 258 260 251 267 239 271 234 276 231 285 226 289 225 294 224 301 226 305 227 309 228 319 234 324 238 330 243 341 256 345 262 349 268 356 281 359 287 360 294 362 310 362 320 362 333 360 360 359 374 357 387 354 412 353 423 351 433 349 451 348 457 347 463 346 477 346 485 345 492 344 503 344 509 344 513 346 519 346 521 346 522 347 520 348 518 348 517 349 515 350 512 #
ុ 318 240 305 280 298 290 285 302 280 302 279 302 272 298 267 294 261 289 251 276 247 269 244 260 241 244 241 235 241 226 246 211 249 204 254 199 264 191 271 190 277 189 292 189 299 190 307 192 322 200 329 205 336 210 347 225 352 233 355 242 360 259 362 270 363 282 363 306 362 319 361 332 360 363 359 380 359 396 358 424 357 435 356 445 355 461 354 467 353 471 352 478 351 480 350 480 350 483 350 486 351 490 #
ុ 283 268 281 294 276 313 265 330 259 336 253 338 247 338 246 338 245 337 241 335 239 333 236 328 231 315 230 308 229 301 231 289 233 283 236 276 243 266 246 262 250 259 257 257 260 257 261 258 264 260 266 261 268 261 274 267 278 274 283 283 289 308 292 322 295 350 297 364 298 377 298 401 299 412 299 423 299 445 299 453 298 461 297 475 297 480 297 484 296 490 296 492 296 493 296 494 296 493 296 491 #
ុ 316 241 320 262 321 278 319 295 317 299 313 303 301 308 292 309 272 307 261 305 251 302 237 294 232 290 229 287 227 277 227 271 228 265 231 247 235 238 240 230 252 217 260 211 267 208 281 205 289 206 296 207 308 208 315 210 323 215 337 230 343 240 348 251 355 277 358 291 360 306 363 333 363 346 363 359 363 384 362 399 361 415 359 447 358 462 355 476 352 500 351 509 350 517 348 526 348 527 347 528 346 524 346 522 346 520 346 519 #
ុ 304 261 309 280 312 296 314 320 313 329 313 332 307 339 301 343 294 346 281 347 273 345 253 339 243 335 235 330 224 318 220 311 218 304 219 289 220 283 222 276 232 256 237 247 245 239 260 227 267 223 274 220 288 219 295 220 301 221 308 225 313 229 318 237 328 255 332 266 336 277 342 302 345 315 346 327 349 350 349 359 349 371 349 396 348 409 348 423 347 449 347 461 346 472 345 490 344 496 344 502 342 509 342 511 341 512 341 510 341 510 341 511 341 516 342 519 342 522 343 526 344 527 #
ុ 278 233 271 277 267 288 262 296 252 305 251 305 249 305 241 303 235 300 227 295 214 284 209 278 206 273 203 264 204 258 205 255 210 247 214 242 218 238 230 231 235 230 241 229 250 229 254 230 258 230 263 232 264 233 266 235 269 240 271 246 273 252 278 267 280 275 281 283 284 302 284 312 285 323 286 344 285 355 285 366 284 385 284 394 284 403 283 421 283 430 283 437 283 450 283 455 282 463 282 467 282 469 282 474 282 476 282 476 282 476 282 475 282 474 282 472 282 472 #
ុ 329 215 331 258 329 272 326 281 316 295 309 301 302 304 289 305 282 304 277 303 264 297 258 292 252 287 243 275 241 269 241 262 242 250 242 246 247 234 251 227 256 221 265 211 270 208 275 205 284 201 288 201 292 201 299 202 302 203 305 204 312 205 315 206 319 208 329 218 334 225 339 234 347 252 350 259 352 267 355 283 355 290 356 298 358 318 358 329 357 341 356 367 354 382 353 395 352 419 351 431 350 442 349 461 349 468 348 474 348 481 347 482 347 482 346 481 346 479 346 478 346 477 346 478 346 479 347 481 #
ុ 321 258 318 304 314 317 309 326 298 336 296 336 293 337 283 337 277 336 272 336 261 334 257 332 251 328 244 320 242 315 241 311 242 299 243 292 244 284 250 266 254 259 260 252 269 240 273 237 278 234 286 233 288 233 291 234 294 235 295 236 302 245 306 251 311 257 316 265 325 280 329 287 333 295 338 311 339 318 341 327 342 345 342 356 342 370 340 395 340 409 339 423 338 447 337 458 337 468 336 485 336 492 336 503 336 506 336 507 336 508 336 508 336 507 336 508 336 510 336 512 336 514 336 514 336 513 337 512 #
ុ 321 258 318 304 314 317 309 326 298 336 296 336 293 337 283 337 277 336 272 336 261 334 257 332 251 328 244 320 242 315 241 311 242 299 243 292 244 284 250 266 254 259 260 252 269 240 273 237 278 234 286 233 288 233 291 234 294 235 295 236 302 245 306 251 311 257 316 265 325 280 329 287 333 295 338 311 339 318 341 327 342 345 342 356 342 370 340 395 340 409 339 423 338 447 337 458 337 468 336 485 336 492 336 503 336 506 336 507 336 508 336 508 336 507 336 508 336 510 336 512 336 514 336 514 336 513 337 512 #
ុ 311 221 298 240 288 249 279 255 271 258 264 259 254 259 253 258 252 258 247 257 243 255 233 249 229 246 225 242 222 238 219 231 218 227 218 223 219 215 220 212 221 206 222 203 223 201 225 198 229 194 232 192 239 192 244 191 248 191 258 192 263 192 269 193 281 194 288 195 295 196 307 198 312 199 316 199 321 201 323 202 324 202 323 203 323 205 324 208 326 222 327 230 328 241 329 265 329 277 329 289 330 315 329 328 329 341 328 367 328 380 327 392 327 414 326 423 326 433 326 448 326 454 326 458 325 461 325 461 325 460 323 456 323 454 #
ុ 271 169 258 211 248 223 239 230 217 236 208 236 204 236 190 232 184 229 177 227 167 220 164 217 162 213 160 206 160 200 161 194 163 183 165 177 169 170 179 158 184 154 189 151 200 146 206 145 211 145 221 146 228 147 236 150 252 155 259 158 271 164 277 167 281 170 284 172 287 175 288 176 288 177 289 183 289 187 290 201 290 209 291 219 291 230 290 259 289 275 289 290 287 322 285 336 284 349 282 372 281 382 280 397 279 403 279 408 278 414 278 415 277 415 276 413 #
ុ 303 195 292 217 282 232 272 240 261 245 250 247 234 244 227 241 220 238 206 231 200 228 195 224 187 216 185 211 183 206 182 194 183 188 185 183 186 176 188 172 191 168 200 159 205 157 210 154 221 151 227 151 234 150 248 150 254 150 260 151 269 152 274 153 279 155 290 159 295 161 299 163 305 168 307 171 308 173 312 183 315 191 317 201 321 224 322 235 323 248 323 272 323 285 323 296 324 321 324 336 324 349 323 376 323 389 322 401 321 420 321 429 321 435 320 445 319 446 319 447 318 445 318 442 317 442 #
ុ 324 180 310 217 301 228 292 235 274 240 265 240 256 240 248 238 241 235 226 227 219 221 212 215 203 202 200 195 197 189 195 182 194 170 194 164 197 158 198 156 200 153 206 148 210 146 214 144 226 145 235 146 244 147 255 148 278 150 289 152 300 152 318 155 325 156 333 157 335 159 337 160 336 164 337 169 338 178 339 202 340 216 340 232 340 265 340 282 340 298 339 328 338 342 338 356 338 377 338 387 337 398 338 418 338 428 338 437 338 444 338 457 338 462 338 465 337 467 337 465 336 464 #
ុ 294 221 305 255 307 267 307 286 306 289 304 294 297 307 293 312 289 317 277 324 270 325 263 324 245 320 235 317 227 311 214 300 209 293 205 287 201 273 202 266 202 259 205 248 207 244 214 235 218 230 223 227 234 221 240 220 247 219 253 219 265 220 269 221 279 226 285 231 291 237 303 256 309 268 313 280 320 310 321 326 323 341 324 370 324 385 323 399 322 427 322 441 321 452 320 471 319 479 319 484 317 491 317 493 316 494 316 493 316 491 316 491 #
ុ 273 254 265 272 256 285 241 297 234 297 232 297 222 294 216 292 210 289 196 278 189 272 184 265 176 251 175 245 175 240 176 230 177 229 178 227 185 222 191 220 197 218 209 216 216 216 221 217 232 219 237 219 248 222 253 225 258 228 263 233 272 245 276 252 279 261 282 280 283 292 284 305 285 335 285 350 284 366 283 397 282 414 282 429 281 457 280 469 280 479 279 494 278 498 278 500 277 500 277 497 276 495 275 493 #
ុ 285 203 273 227 262 239 252 246 241 250 224 251 221 250 216 249 203 243 196 240 189 236 178 226 174 221 171 214 167 202 167 196 167 190 170 181 172 176 174 171 182 161 188 158 201 154 208 153 214 153 222 154 234 156 239 156 250 159 256 162 262 165 268 170 277 182 281 190 285 205 287 213 287 220 287 238 288 247 287 258 286 283 286 296 285 310 283 337 283 349 281 362 277 386 276 397 275 407 273 421 272 427 271 434 268 445 268 449 268 453 267 459 268 460 268 461 268 461 #
ុ 265 213 258 237 248 254 238 265 228 271 217 275 198 277 188 276 181 276 175 274 170 272 166 268 159 259 157 253 155 246 155 231 156 225 159 216 167 200 173 192 180 186 194 177 201 175 207 174 221 174 228 175 233 176 246 178 252 181 258 185 267 195 270 202 272 210 273 232 272 245 272 259 270 292 266 310 264 329 257 367 254 385 252 402 247 432 246 445 245 455 243 466 243 469 242 472 241 477 241 479 240 483 238 489 238 492 238 495 240 499 242 500 #
ុ 305 172 298 195 291 210 283 219 275 224 268 226 255 225 249 224 244 222 240 218 240 216 238 212 236 201 236 194 237 187 239 170 243 161 246 154 257 143 262 139 267 136 277 136 282 137 284 138 292 143 297 146 301 150 312 162 315 169 318 178 322 196 323 206 324 216 324 239 324 254 324 269 323 300 323 315 322 331 320 357 320 368 319 378 317 394 317 400 316 404 315 407 315 407 314 406 314 406 #
ុ 284 180 277 205 267 221 258 231 248 238 237 243 215 244 211 243 204 241 190 232 185 226 181 219 178 203 179 195 179 189 186 170 191 162 196 154 209 144 217 141 224 139 238 140 243 141 248 142 261 148 267 153 273 161 284 180 288 192 290 205 291 229 291 243 289 256 287 284 286 300 282 332 280 347 278 360 276 373 271 395 269 405 267 413 265 427 264 432 263 435 262 436 263 434 263 434 263 433 #
ុ 306 175 302 218 296 235 288 247 278 257 258 267 246 269 234 270 212 266 202 263 194 258 182 246 179 238 178 221 179 212 179 205 182 195 193 174 200 165 209 158 227 148 236 146 245 145 261 146 265 147 270 150 282 160 287 168 292 178 299 202 302 216 303 231 304 264 303 281 302 297 301 330 300 344 299 358 299 385 298 397 298 408 297 426 296 435 296 443 294 455 295 459 295 462 296 463 296 462 297 460 297 459 #
ុ 273 162 267 191 252 219 242 226 231 228 217 224 206 219 195 213 179 198 174 191 170 183 169 168 170 160 171 154 179 138 184 130 191 123 207 111 216 107 225 105 242 105 251 106 255 107 269 117 276 126 281 138 290 168 294 185 295 203 296 238 295 255 295 270 293 302 293 319 292 336 291 370 290 386 289 400 285 428 283 441 282 452 280 469 279 475 278 478 277 477 277 474 277 474 277 468 #
