េ 131 323 146 313 157 307 173 302 175 302 179 302 188 305 193 307 198 311 208 318 212 322 216 327 221 337 223 343 224 349 225 361 225 367 224 373 224 384 223 388 222 392 219 401 218 405 216 409 211 417 209 419 207 422 202 425 199 426 195 427 187 428 182 428 178 428 169 427 165 426 161 426 153 425 149 423 145 422 136 416 132 412 129 408 126 396 124 389 124 382 124 365 125 355 125 345 127 322 128 309 130 297 135 273 138 263 145 244 149 236 153 229 156 222 163 212 167 208 168 205 173 199 176 196 180 190 183 188 185 186 188 185 189 185 191 184 194 185 196 185 197 186 201 188 204 189 208 189 216 190 221 191 225 192 235 193 240 193 244 193 251 195 254 196 256 197 257 197 257 197 #
េ 160 316 180 293 188 288 203 284 210 284 215 284 216 285 219 286 223 289 227 292 235 303 239 309 243 315 247 328 248 335 249 342 248 357 247 365 246 373 243 389 241 395 235 405 232 409 227 412 217 416 212 417 207 417 201 417 192 414 189 412 182 409 177 407 172 403 159 390 154 383 151 375 148 367 147 351 147 343 148 335 150 320 151 313 152 303 155 283 157 273 163 252 165 243 168 233 174 216 177 209 180 203 186 193 189 188 191 186 193 185 197 183 198 184 200 185 201 186 203 186 206 187 208 188 212 189 219 190 223 190 228 190 239 191 245 191 250 191 255 190 264 190 267 190 272 190 274 190 275 189 278 189 #
េ 142 328 154 314 164 305 179 298 186 298 193 297 198 299 203 302 209 305 220 316 225 322 229 328 236 343 239 350 241 358 242 372 242 380 241 386 240 398 239 402 237 406 231 414 227 417 223 419 215 421 212 420 203 417 197 416 191 414 176 407 169 401 163 395 154 381 151 374 148 366 147 359 146 344 146 336 148 317 150 303 152 291 159 268 163 256 167 245 175 225 179 216 183 208 190 196 193 192 195 189 201 186 203 185 205 186 207 189 207 190 208 192 212 194 215 194 220 195 231 195 238 195 245 195 258 196 264 196 269 196 278 196 282 196 285 195 288 195 288 194 287 193 #
េ 163 303 186 282 194 276 201 275 211 274 212 274 214 276 222 281 227 285 232 291 241 306 245 313 248 321 251 338 252 349 252 358 250 376 248 385 245 393 234 406 227 412 220 416 206 421 199 422 193 423 179 422 173 420 169 420 156 415 150 412 145 408 137 400 134 395 131 389 124 372 121 361 119 350 117 326 116 313 117 301 118 279 118 271 120 262 124 245 127 237 133 224 137 217 141 211 145 206 154 197 159 192 163 189 174 182 179 180 189 177 195 176 200 176 206 175 219 176 226 177 234 178 248 180 254 181 265 182 269 182 273 183 276 183 279 183 280 183 279 183 276 182 #
េ 190 306 209 299 223 297 235 297 238 299 244 302 257 314 262 321 266 329 272 344 272 352 272 360 270 379 268 388 264 397 256 412 250 417 243 421 229 425 222 425 208 423 203 422 198 420 193 415 179 402 172 391 167 378 159 351 157 337 157 309 158 295 158 281 159 268 163 247 166 237 170 228 178 211 183 205 188 199 199 192 205 189 210 186 222 184 226 184 230 184 242 185 248 185 253 186 264 187 269 188 274 189 282 191 285 191 287 192 290 192 290 192 290 192 #
េ 185 309 200 299 211 294 221 291 236 291 242 294 251 300 252 302 255 304 259 312 260 317 262 322 263 336 264 343 264 351 263 367 263 376 261 385 260 392 255 402 251 407 241 414 235 416 230 418 220 418 215 418 211 417 207 415 204 414 201 411 197 408 191 400 190 395 189 388 189 371 189 362 190 350 192 325 193 310 193 295 195 269 196 258 199 241 201 234 203 228 205 223 208 215 210 212 211 209 214 206 215 205 217 203 221 200 224 198 227 196 236 191 240 189 245 187 254 185 258 185 263 184 271 185 275 186 279 186 287 188 291 188 294 189 300 189 302 190 305 190 307 190 307 192 307 192 305 192 304 190 #
េ 183 306 202 299 217 296 230 295 242 297 251 300 261 304 267 308 273 313 282 323 285 330 288 336 290 350 290 358 289 365 287 379 285 386 281 392 273 403 268 407 263 411 252 417 247 419 236 418 229 417 218 414 208 410 192 401 185 395 179 391 171 378 169 370 167 361 162 337 161 324 161 310 164 284 167 270 172 256 182 233 187 223 193 215 204 202 210 196 216 192 227 185 232 183 237 181 248 181 251 182 254 183 264 185 270 186 275 187 290 188 298 189 306 190 320 192 325 192 330 193 337 194 339 195 340 194 338 192 #
េ 180 314 191 302 201 293 218 284 225 282 228 282 236 282 241 282 253 283 261 284 269 287 283 293 289 296 294 300 302 310 304 317 306 324 306 337 305 344 304 351 301 365 299 373 295 379 284 390 277 393 270 396 256 400 251 402 245 403 235 405 230 405 224 405 217 404 211 403 205 402 196 397 191 391 187 385 182 367 180 354 179 341 178 309 179 292 180 277 182 243 186 227 188 212 196 189 200 180 203 173 211 166 214 165 217 164 223 163 225 164 226 166 228 167 230 167 234 166 241 164 245 163 249 162 260 161 266 160 273 160 288 160 296 160 302 160 315 159 320 158 328 156 331 155 332 154 332 153 330 152 329 152 #
េ 220 352 242 329 248 325 255 322 262 322 265 323 269 326 277 332 281 337 285 341 291 356 292 362 293 368 292 382 291 388 289 398 279 420 272 429 266 436 251 446 243 448 234 450 217 448 212 447 205 443 191 432 186 422 181 411 178 388 178 373 178 358 179 330 181 315 183 302 188 275 191 262 194 250 202 230 205 221 209 214 216 205 219 201 222 200 227 199 228 201 230 202 232 205 233 207 234 207 242 209 248 210 254 210 267 212 273 212 280 212 292 215 298 215 303 215 310 214 313 213 315 213 316 212 315 210 314 210 #
េ 223 320 247 322 262 327 280 340 285 348 286 355 287 365 286 370 285 377 280 391 276 399 271 405 258 413 250 415 242 415 224 414 213 411 202 406 183 394 175 385 169 375 162 351 161 338 161 324 163 295 164 281 166 266 173 237 177 225 182 214 192 197 199 191 205 185 217 178 223 175 228 174 242 172 249 172 258 171 276 170 285 170 295 171 313 173 321 173 328 174 339 176 343 177 347 178 350 177 #
េ 209 329 231 303 238 296 248 290 252 290 253 290 258 292 261 293 265 296 274 302 279 306 283 312 291 324 293 331 295 338 295 353 295 361 294 368 291 382 288 388 284 392 276 401 272 404 268 406 260 408 256 408 254 407 247 405 243 404 239 402 232 396 228 391 225 384 223 367 222 354 223 339 224 301 226 281 229 262 235 228 238 214 242 203 249 186 251 180 254 176 257 172 258 172 259 173 260 176 260 178 261 181 261 182 262 183 262 184 263 185 264 185 265 186 266 186 268 186 272 186 286 186 294 185 302 184 318 182 325 181 333 180 345 178 349 177 353 176 356 175 356 174 355 173 354 173 #
េ 204 296 235 284 246 282 256 283 266 286 273 290 281 297 294 311 299 319 302 326 305 343 305 352 304 360 297 381 291 392 283 401 266 413 258 418 250 421 238 420 233 419 227 418 211 409 204 402 198 393 191 368 191 354 192 339 194 300 197 280 200 260 204 241 212 211 215 198 220 188 226 173 230 168 233 165 235 164 236 165 237 166 238 169 238 170 239 172 239 174 240 175 241 176 243 177 247 177 254 179 273 181 284 183 295 184 315 185 323 186 330 186 339 184 342 183 344 181 343 179 341 179 #
េ 199 284 227 286 257 294 267 301 274 308 279 320 280 324 281 330 280 344 279 353 275 364 267 380 262 387 255 392 242 402 235 406 227 408 213 412 206 412 200 412 190 411 187 411 186 410 180 401 178 391 174 377 171 346 170 327 170 306 170 265 170 244 171 226 176 197 180 185 183 175 190 161 194 157 197 154 204 151 207 153 210 154 212 158 213 159 216 161 225 163 231 163 237 163 249 164 256 164 268 166 273 167 280 167 292 168 299 168 304 167 312 166 315 165 317 165 318 163 317 163 315 162 314 162 #
េ 253 323 277 326 293 329 311 341 315 348 317 356 317 366 316 372 315 377 308 393 304 401 299 407 288 418 282 423 276 426 264 429 258 430 253 429 244 427 243 427 241 426 236 422 234 417 231 412 224 390 221 375 220 360 220 328 222 312 224 295 230 264 233 250 235 236 242 212 245 201 248 192 254 179 258 174 261 170 267 166 269 166 272 168 273 170 273 171 274 174 274 176 274 176 275 177 276 177 277 178 278 178 283 179 287 180 292 181 304 182 310 183 316 184 326 183 331 183 335 182 341 181 343 180 344 180 344 180 343 179 342 179 341 178 339 178 #
េ 194 339 218 315 227 308 243 301 251 300 254 301 258 303 273 310 281 316 292 330 296 337 300 345 303 362 303 371 302 380 300 394 298 401 295 409 283 426 276 432 269 437 254 445 246 447 238 450 222 452 214 452 206 451 194 450 189 448 184 446 175 434 172 426 170 416 167 391 167 374 167 354 168 313 168 293 169 275 173 243 176 228 178 214 183 191 185 181 187 174 191 164 192 161 193 159 196 157 197 157 197 158 199 159 200 161 200 162 200 165 201 166 202 168 203 169 204 169 208 170 213 171 221 172 237 173 245 174 255 176 264 177 283 178 292 178 299 178 309 177 313 177 314 176 315 176 314 176 313 176 310 176 310 175 #
េ 247 292 274 299 291 306 302 313 309 320 314 327 319 342 319 348 319 350 316 360 312 368 307 376 295 391 288 398 281 405 267 411 261 412 254 413 237 409 227 405 219 400 206 382 200 368 197 355 194 323 195 305 195 288 200 255 204 239 210 225 224 203 232 194 239 186 252 176 259 173 266 171 280 170 286 169 292 169 303 169 307 170 310 171 314 173 318 173 322 175 332 177 336 177 339 178 344 180 345 180 346 181 344 181 #
េ 221 333 249 320 258 318 270 320 275 322 281 326 287 331 297 345 300 353 301 371 301 378 299 387 295 396 285 414 279 422 273 429 259 436 252 437 244 437 231 435 224 433 218 429 206 419 201 410 198 401 195 377 195 363 198 327 201 307 205 288 209 271 218 241 223 228 228 216 236 196 240 188 244 182 250 176 253 176 255 176 257 179 257 181 257 184 258 185 259 185 261 187 270 190 276 192 290 196 299 198 308 201 318 203 332 206 338 206 342 207 345 208 346 208 343 208 343 208 341 207 #
េ 215 326 257 339 267 346 272 354 277 361 278 374 278 375 277 378 271 387 266 394 261 399 243 409 232 413 221 415 198 414 188 413 174 408 168 403 163 397 159 376 158 362 160 347 163 308 166 287 171 268 184 233 192 218 200 206 215 186 222 179 228 174 240 170 246 170 250 171 255 174 260 175 266 176 279 179 285 181 290 183 300 186 303 187 305 188 308 190 307 190 306 193 303 194 #
េ 209 371 231 345 240 338 249 335 257 334 263 335 270 336 274 339 280 343 291 355 294 362 296 369 297 384 296 392 294 403 284 426 277 435 269 442 252 453 243 456 233 458 213 458 207 456 199 453 181 439 175 428 171 414 170 383 171 365 172 345 178 300 181 279 184 258 191 223 195 209 200 197 210 178 215 171 221 166 230 161 234 161 244 163 245 164 249 165 261 168 269 169 277 171 292 174 298 174 303 175 307 176 314 177 316 179 318 181 319 183 318 183 317 184 314 183 #
េ 236 322 255 317 270 316 282 316 292 318 300 321 306 326 310 331 314 336 318 350 319 359 317 379 314 390 307 403 299 416 280 433 270 437 247 441 236 440 230 439 213 429 205 421 198 409 188 381 185 363 184 344 185 325 188 288 193 272 207 238 214 223 222 210 238 187 245 179 252 173 264 166 269 164 272 164 277 167 278 169 280 169 288 172 294 175 299 177 312 183 318 185 325 187 336 191 341 192 344 193 348 193 348 194 348 195 345 196 344 197 #
េ 217 274 244 278 263 282 284 297 290 305 293 314 294 331 294 333 292 339 283 358 277 368 270 379 256 395 249 402 241 406 224 407 217 405 206 401 183 381 174 368 168 354 161 327 160 311 160 296 162 261 163 244 167 228 177 197 184 184 192 173 208 155 216 147 223 141 236 132 241 130 245 128 252 128 253 130 253 131 257 132 261 133 267 135 281 139 289 140 296 142 310 145 316 146 321 147 329 148 331 150 332 151 332 153 330 153 328 153 327 153 #
េ 256 289 286 309 294 318 300 326 306 341 306 349 306 351 304 364 300 374 296 384 285 403 279 412 270 421 254 435 246 439 238 443 223 445 217 444 214 443 206 435 201 427 198 417 196 392 196 377 198 357 204 312 207 290 211 269 219 234 224 220 229 208 240 187 246 179 250 174 259 169 262 169 265 169 267 173 270 174 275 175 289 177 296 178 304 179 318 180 325 181 332 181 345 185 350 185 354 186 359 187 361 187 361 187 358 185 #
េ 233 293 276 296 288 301 302 314 305 321 305 328 304 340 302 348 296 359 280 381 271 391 262 399 244 411 234 414 224 416 207 414 197 409 187 401 170 378 165 362 161 345 157 306 157 287 158 269 166 238 173 223 179 210 195 189 202 182 210 175 229 166 235 165 242 164 258 162 264 162 270 162 281 164 285 165 289 166 299 166 304 167 309 168 316 171 318 172 320 172 322 173 321 173 319 173 318 173 317 173 #
េ 211 293 246 288 270 294 278 299 284 305 292 319 295 326 296 334 296 350 295 353 294 359 287 375 282 383 277 390 265 403 258 407 252 409 243 410 238 409 232 409 220 401 215 396 211 387 209 367 210 355 213 338 222 297 227 278 232 260 240 227 244 213 249 202 258 183 263 176 269 171 278 165 283 164 288 164 297 168 302 168 311 170 328 174 336 176 343 178 355 182 359 184 363 185 369 188 370 188 370 189 369 192 369 193 367 194 #
េ 192 275 211 266 227 261 239 259 248 259 257 259 268 264 278 270 287 277 302 294 307 304 310 314 311 334 311 342 308 353 299 377 292 386 284 394 263 409 251 414 239 418 217 419 207 418 202 417 189 411 183 404 177 395 168 369 166 353 164 332 163 290 164 268 165 246 168 207 171 191 175 176 185 154 189 147 193 142 199 137 202 137 204 137 210 140 210 142 212 144 219 146 225 147 231 148 246 149 256 150 265 150 282 151 290 151 297 150 307 150 310 150 313 150 315 149 314 148 311 148 #
េ 259 276 283 280 300 284 321 298 327 305 331 314 334 329 334 332 333 339 326 360 320 371 313 382 297 401 288 409 278 415 261 424 253 425 246 424 235 419 227 413 221 404 211 377 207 359 205 339 205 298 205 279 207 260 215 229 219 216 225 205 236 190 240 186 244 183 252 178 256 177 260 175 264 175 274 176 279 177 296 180 305 181 314 182 331 183 339 184 347 184 361 185 367 184 372 184 377 183 379 183 379 183 379 182 379 180 #
េ 241 220 261 233 274 244 289 265 294 276 295 288 298 305 298 315 298 325 294 350 290 365 286 377 273 397 266 405 257 409 244 415 237 414 229 413 216 409 208 404 201 396 191 372 188 357 185 341 184 303 184 284 185 265 189 224 192 207 196 191 202 164 206 153 210 143 218 126 222 121 225 117 231 114 234 115 236 117 239 121 240 123 244 123 255 124 261 125 267 125 281 129 288 130 294 130 308 129 315 128 320 127 328 126 331 125 333 125 333 121 333 120 #
េ 189 329 225 315 249 313 253 314 259 316 276 324 284 328 291 333 301 346 304 353 305 361 304 376 302 386 298 397 288 413 280 421 273 427 258 437 250 440 243 440 231 437 224 434 217 427 200 402 194 385 190 366 184 324 185 303 185 282 191 248 196 233 202 220 215 199 221 190 229 183 245 173 254 169 264 165 282 159 290 157 297 155 309 154 313 154 316 155 319 157 320 158 319 159 318 161 317 162 316 162 315 162 #
េ 268 277 306 295 323 312 328 320 329 324 331 336 331 344 331 352 329 374 327 384 323 395 313 415 306 423 300 430 287 440 280 443 273 445 267 445 257 444 253 443 250 440 248 436 245 428 241 408 239 394 238 378 238 361 239 325 239 304 241 284 247 245 250 229 259 201 263 191 267 183 271 176 279 168 282 168 286 168 288 169 289 170 290 172 290 175 291 176 291 178 292 179 293 179 299 180 318 183 329 183 340 184 363 184 373 183 383 183 397 178 402 176 407 174 411 173 411 172 409 172 406 172 406 172 403 172 #
េ 235 281 250 293 260 304 267 314 270 324 272 334 273 347 272 354 270 362 263 382 259 392 253 402 243 417 237 424 230 431 217 439 210 440 202 440 190 438 184 431 179 421 174 396 174 378 173 358 175 314 175 292 176 272 181 239 183 227 186 217 192 202 195 198 197 197 203 192 207 189 211 187 219 183 224 182 229 181 239 180 244 180 249 180 259 181 265 182 272 182 283 182 289 183 295 182 303 181 305 181 307 181 307 180 306 180 305 180 #
េ 184 298 211 316 219 324 226 331 232 345 234 354 234 363 232 369 230 375 227 381 219 393 215 398 211 401 200 406 194 406 181 404 176 403 171 401 165 398 155 389 152 381 149 370 148 342 148 325 150 305 159 264 165 244 179 212 186 199 191 188 204 169 209 163 214 160 223 156 227 156 231 156 235 159 241 161 248 162 261 164 267 164 273 164 279 165 291 166 297 167 308 169 311 169 314 171 318 172 319 172 318 171 316 170 #
េ 237 301 270 311 280 319 287 327 295 345 297 355 297 364 295 376 292 385 287 396 275 414 267 423 259 430 241 441 233 444 225 446 213 445 209 443 203 437 195 422 194 411 194 397 196 363 196 345 198 324 205 283 209 266 213 250 223 226 228 218 233 211 242 203 246 201 249 200 255 202 256 204 260 204 272 206 280 207 288 208 304 209 311 210 318 210 331 213 336 213 341 214 348 217 350 218 352 219 350 220 348 220 #
េ 197 231 218 242 232 253 249 273 254 283 259 298 259 304 260 313 259 322 256 344 252 356 241 378 236 388 229 396 216 409 210 413 204 415 190 415 183 414 176 413 160 402 154 395 149 384 141 358 138 343 137 326 136 292 137 274 138 258 145 224 151 210 157 197 171 174 177 166 184 159 195 147 199 143 204 141 212 137 216 137 218 137 223 139 224 140 226 140 237 143 245 146 254 148 273 156 282 159 289 161 303 165 308 166 312 167 317 169 317 169 317 170 314 170 314 169 312 169 #
េ 207 367 227 339 235 332 250 326 258 326 260 327 271 331 277 334 283 338 291 348 294 354 295 360 295 374 293 382 288 393 273 414 264 423 254 429 233 437 222 438 211 437 192 433 181 426 170 417 156 394 152 380 151 363 154 328 159 307 167 288 185 256 195 243 205 232 226 215 237 208 246 203 262 195 269 194 275 193 285 192 288 193 288 194 290 196 291 196 298 198 303 199 308 201 319 204 323 206 327 207 332 210 333 210 334 211 333 213 332 213 330 214 329 214 #
េ 206 319 238 302 249 299 265 298 271 299 277 300 279 302 282 304 284 308 290 316 291 321 292 327 293 340 292 346 292 356 288 376 284 386 280 394 270 406 264 411 259 413 248 415 242 414 238 413 223 406 216 401 209 393 199 371 196 358 195 329 196 313 198 295 206 260 212 245 219 231 225 218 240 199 246 192 251 186 259 180 261 179 264 179 266 181 266 181 266 183 267 186 267 188 267 190 268 191 269 191 270 192 277 194 285 196 300 200 307 201 314 202 324 202 327 202 331 202 332 201 332 200 332 200 331 199 330 199 328 199 326 198 325 198 324 198 #
េ 206 316 237 303 248 302 257 304 265 306 272 311 275 315 282 327 284 334 285 342 285 351 284 371 282 383 275 405 269 415 263 423 245 433 234 434 222 435 201 434 194 433 186 431 172 422 166 414 161 404 153 379 152 363 153 346 156 302 161 280 168 259 182 226 190 212 197 201 209 182 213 175 217 169 222 161 224 159 225 159 227 161 228 161 228 163 228 166 228 166 229 167 233 168 242 170 251 172 270 176 280 178 290 180 308 181 316 182 323 183 332 184 335 184 336 185 336 185 335 185 333 184 331 184 331 184 330 183 #
េ 223 292 240 284 253 280 264 280 271 281 277 285 280 288 284 293 288 306 290 313 290 321 289 330 286 351 282 363 278 373 268 388 262 395 250 403 244 405 237 406 223 404 219 403 213 400 202 384 198 372 194 359 188 321 186 299 184 276 186 233 188 215 192 199 202 174 207 165 212 159 220 151 224 150 228 151 235 154 242 155 252 157 272 158 283 158 292 158 307 158 313 158 319 157 326 157 328 158 330 158 332 159 332 159 331 159 329 160 328 160 327 160 326 159 #
េ 245 279 270 283 285 290 296 297 302 304 308 317 308 324 308 326 306 335 304 344 301 352 295 368 291 376 287 384 278 395 275 399 271 401 267 403 265 402 264 401 260 396 256 389 251 376 240 346 237 328 235 309 235 272 236 255 239 238 246 210 250 199 254 189 261 177 264 174 267 172 271 172 273 174 275 176 277 178 282 178 289 179 303 181 310 182 317 183 330 184 336 185 341 186 348 190 350 191 351 192 350 192 349 192 347 192 347 192 #
េ 208 280 230 283 248 287 261 294 279 310 285 318 290 327 294 345 294 350 293 356 291 378 288 391 284 403 274 423 267 431 259 436 243 439 234 438 228 434 211 420 202 408 195 394 184 361 182 344 182 325 185 293 191 273 196 254 211 221 219 206 227 192 241 169 247 161 252 155 259 149 260 149 261 150 260 152 260 154 259 156 259 158 259 158 260 158 261 159 262 160 262 161 269 163 276 167 284 169 299 173 305 174 311 175 323 177 328 177 332 178 338 179 340 179 341 180 340 181 339 180 337 180 336 178 #
េ 217 272 239 275 256 279 277 289 285 297 293 312 295 320 295 328 294 337 293 342 289 350 280 369 274 377 267 387 251 401 243 408 234 412 218 416 211 416 205 415 197 413 193 410 190 405 184 387 183 374 184 359 187 315 189 292 193 270 201 228 206 210 211 196 221 172 226 164 231 158 239 152 243 151 245 151 248 154 248 156 248 157 253 159 258 161 263 163 277 167 283 169 288 171 299 174 304 176 309 177 317 179 321 180 324 181 327 182 328 183 328 184 326 184 324 184 #
េ 232 298 253 300 269 306 280 311 295 323 298 330 299 338 299 345 298 351 297 368 295 377 292 387 284 404 280 413 275 420 266 431 262 436 256 439 247 441 243 441 239 440 231 438 227 435 222 430 212 412 208 400 205 388 203 359 204 343 205 325 206 284 208 264 211 244 218 210 222 196 227 184 236 168 241 163 245 161 252 160 254 161 256 162 258 166 258 168 258 168 259 169 259 170 260 170 261 171 263 172 265 173 273 176 277 178 282 179 292 180 296 181 301 182 309 184 312 185 314 185 317 186 318 187 319 187 319 187 319 187 319 187 318 187 317 187 316 186 315 186 #
េ 132 358 155 337 163 332 170 328 181 323 184 322 187 322 188 323 189 324 192 325 200 334 204 340 212 356 216 364 218 373 220 380 221 397 221 405 220 413 219 431 217 438 215 445 211 455 208 459 205 461 199 463 195 463 191 463 181 462 176 460 168 457 163 456 158 454 146 447 141 442 136 434 129 415 128 404 128 393 131 361 133 344 136 326 144 293 148 277 154 262 166 235 172 224 179 215 192 200 197 196 203 193 212 190 215 190 219 191 226 194 230 195 235 195 248 198 254 199 260 201 272 204 277 206 282 207 290 209 293 210 295 210 297 212 296 213 295 214 293 214 #
េ 280 290 305 313 312 323 318 334 321 356 321 361 320 370 312 394 304 407 296 419 277 440 267 447 257 452 247 456 225 458 215 457 207 456 193 451 187 446 177 423 176 410 177 397 179 359 183 336 186 311 196 263 202 241 208 222 222 190 228 177 236 167 248 156 252 153 255 153 257 157 257 159 258 161 272 166 281 168 290 171 307 175 315 177 322 177 335 179 342 180 346 181 357 182 362 183 366 184 371 185 372 185 372 185 369 185 #
េ 201 318 218 304 231 296 254 290 258 291 265 293 285 304 294 311 300 318 309 334 312 342 312 350 311 363 310 370 308 377 300 394 294 402 287 409 271 422 263 426 255 429 239 432 232 431 228 430 215 420 209 412 205 403 201 374 200 357 200 337 201 292 203 272 204 252 210 221 214 209 218 199 228 185 233 181 237 179 245 178 246 179 249 181 258 183 264 183 277 184 283 185 289 185 299 185 303 186 306 186 318 187 325 189 332 190 338 192 350 193 354 193 357 194 359 194 359 194 357 193 355 193 #
េ 216 320 250 311 261 311 269 312 274 314 279 317 282 320 284 323 289 332 292 338 293 344 293 360 292 369 292 379 287 400 283 411 278 422 263 439 255 445 246 451 227 456 218 457 210 455 202 455 192 450 185 443 180 433 173 405 173 388 175 371 182 322 187 299 194 278 207 243 214 229 222 218 236 202 243 197 255 191 262 189 269 189 278 190 285 190 293 191 308 193 315 193 322 194 336 195 342 196 348 196 358 199 362 200 365 200 368 202 368 203 367 204 364 203 #
េ 223 314 267 324 278 330 284 336 288 350 289 357 289 360 286 370 282 378 277 387 262 405 253 413 242 420 219 430 208 433 198 434 182 433 178 432 170 426 166 420 164 413 163 403 163 373 166 351 171 327 185 280 193 259 201 239 215 206 223 193 230 183 242 168 248 165 252 164 259 164 262 166 263 168 269 168 274 169 281 171 296 174 305 177 320 181 327 182 333 184 339 186 351 190 355 191 359 192 366 194 367 195 367 195 366 194 #
េ 217 271 241 294 248 304 258 322 260 331 261 339 261 346 261 354 260 364 256 384 251 393 246 401 229 415 219 420 209 422 192 421 187 421 180 419 167 410 161 403 156 393 152 367 152 353 153 335 158 292 164 269 170 248 184 214 191 200 200 188 216 170 224 164 232 160 248 156 257 156 265 156 282 159 285 161 291 161 307 163 313 164 319 165 328 167 330 168 332 168 331 170 330 171 328 171 327 171 #
េ 210 320 230 314 246 313 259 314 269 316 278 319 285 323 288 326 293 331 301 342 303 350 305 358 305 374 304 381 303 391 299 409 296 418 291 427 280 440 274 444 261 447 254 448 248 447 241 445 231 441 224 435 211 416 207 406 203 393 201 358 201 338 201 317 207 274 213 255 218 239 231 214 237 205 243 198 249 193 260 187 262 188 272 190 279 190 287 191 302 194 309 194 315 195 325 197 328 197 330 198 332 199 331 199 330 199 327 199 #
េ 243 307 267 313 285 318 297 325 306 331 318 345 321 353 322 357 324 371 323 380 321 391 310 418 303 430 296 439 279 453 269 459 259 463 238 463 229 461 218 455 197 433 190 419 186 402 184 364 185 345 187 329 198 291 204 274 211 259 223 231 231 220 238 212 253 199 259 195 265 193 275 191 279 191 283 192 287 194 289 195 293 195 305 198 311 200 318 201 333 204 341 205 347 206 358 207 362 208 365 210 368 211 367 210 365 210 #
េ 241 307 275 324 285 333 294 351 296 361 297 369 295 378 292 385 288 394 276 409 269 416 262 422 248 428 241 429 235 428 217 419 209 410 202 399 195 368 194 352 195 333 197 288 197 266 199 246 205 211 209 198 214 187 223 173 228 169 232 167 240 167 246 169 248 171 260 173 267 175 275 176 290 179 298 180 305 182 318 185 322 187 330 188 332 190 333 190 333 194 332 195 330 196 330 195 #
