ំ 177 137 195 141 207 145 217 150 228 160 232 166 236 171 240 180 241 185 241 186 240 191 239 194 237 202 236 208 234 212 232 217 227 225 224 227 221 230 215 232 211 233 207 234 199 234 194 235 189 234 180 232 176 231 169 230 166 230 163 229 158 227 155 226 153 225 150 222 149 220 147 218 145 213 144 210 143 208 142 203 142 201 142 198 143 194 144 192 145 190 145 184 146 182 146 179 148 174 149 171 150 169 152 164 153 162 155 161 157 158 158 157 159 155 162 153 163 152 164 151 167 150 168 150 169 150 172 150 173 149 174 149 175 149 175 148 176 147 #
ំ 188 154 198 168 203 179 207 187 210 194 211 199 211 210 211 211 211 213 209 217 208 220 205 224 200 229 198 230 192 233 189 234 186 234 182 234 172 233 168 233 163 232 154 231 149 230 145 230 138 227 135 226 132 225 129 223 128 222 127 220 126 216 126 213 126 210 127 204 128 201 128 198 130 190 131 186 134 177 136 173 139 169 145 161 148 158 152 156 158 152 160 151 163 150 166 150 170 150 171 150 174 152 175 152 177 153 179 154 181 155 182 155 185 156 186 156 188 157 190 157 191 158 191 159 191 159 #
ំ 205 137 216 147 223 155 228 163 232 169 236 179 237 184 238 186 238 191 238 194 237 197 235 206 233 211 231 216 225 225 222 228 219 230 211 234 206 235 201 237 193 237 189 237 186 237 179 235 175 235 170 234 161 231 156 229 153 227 148 221 147 219 146 216 145 211 144 208 144 204 143 197 143 193 144 190 145 182 146 178 147 173 149 165 150 160 152 156 156 147 157 143 159 141 163 138 165 137 167 136 172 134 174 134 178 134 180 134 182 135 184 135 189 137 191 137 197 138 200 139 203 139 208 141 210 141 211 142 213 143 215 144 215 144 214 144 213 144 #
ំ 233 142 243 154 250 164 256 179 258 186 258 192 257 198 257 201 256 204 255 212 253 216 252 220 249 228 247 231 245 234 240 237 238 239 234 240 225 244 221 246 217 247 210 249 207 250 204 251 198 252 195 251 192 251 186 250 184 250 180 249 177 248 175 247 169 243 166 240 163 237 159 230 158 227 157 223 155 214 155 211 155 206 155 197 155 192 155 188 156 178 156 175 156 172 157 169 158 164 160 161 161 159 165 154 166 152 170 149 172 147 175 146 180 143 182 142 184 141 188 141 190 140 193 141 197 141 200 141 202 142 207 142 209 143 212 143 216 144 218 144 220 144 225 145 228 146 230 147 234 147 235 148 236 148 237 149 237 149 237 149 235 148 #
ំ 237 146 254 165 259 172 263 185 264 191 264 196 264 199 264 202 263 205 260 214 258 219 256 223 250 230 247 233 244 235 236 239 232 240 222 240 217 240 211 240 206 240 197 239 194 238 187 237 184 235 181 234 177 232 172 228 170 225 169 223 167 217 167 214 167 211 168 204 169 202 170 194 170 190 171 185 173 175 174 171 175 167 179 159 181 155 183 152 188 146 190 144 193 143 198 140 200 140 203 140 207 139 209 139 211 139 215 140 217 140 219 140 222 142 223 142 224 142 227 143 228 143 230 144 233 145 235 146 237 147 239 147 241 149 243 149 244 149 244 150 244 151 #
ំ 241 144 238 177 236 187 233 195 230 202 224 207 220 211 214 214 201 220 194 222 187 224 175 226 169 225 161 224 156 223 151 222 143 217 139 215 136 212 132 205 131 201 131 198 131 190 132 187 133 185 135 177 136 173 138 168 142 158 145 153 147 149 153 142 156 140 159 137 166 133 170 131 173 130 180 127 183 126 185 126 190 125 192 125 194 125 199 126 201 127 204 127 209 128 211 129 213 129 216 130 218 131 221 131 225 132 228 132 231 133 236 134 238 135 239 135 241 136 241 136 241 137 241 137 241 137 241 138 241 138 240 139 239 139 #
ំ 215 149 237 163 242 169 246 175 252 185 254 190 254 192 255 199 256 204 256 210 255 221 254 225 253 230 247 238 243 241 239 245 231 249 227 251 222 253 212 254 207 255 202 255 190 253 185 252 180 252 169 250 164 248 160 246 152 241 149 238 147 235 143 228 142 223 141 219 140 210 141 206 141 202 142 195 143 193 143 190 147 183 149 178 152 174 157 165 159 162 162 159 166 154 169 152 172 150 177 146 180 145 183 144 188 142 189 142 191 143 195 143 196 144 198 144 200 145 202 146 204 147 209 149 210 150 211 150 212 151 213 151 213 153 213 154 #
ំ 223 139 232 152 236 162 239 171 239 177 239 183 238 190 238 191 237 192 235 196 233 198 231 201 225 206 222 209 215 213 211 215 207 217 203 219 195 221 190 221 182 220 177 220 173 219 168 218 159 215 156 213 149 209 147 207 145 204 141 197 140 194 139 190 138 182 139 178 139 173 141 166 142 162 143 158 145 149 146 145 149 140 154 132 157 128 160 125 166 120 168 118 172 117 178 115 181 115 184 115 189 115 191 116 193 116 198 117 200 118 202 118 207 119 209 120 213 121 219 123 221 124 223 125 228 129 230 130 232 133 237 137 239 139 241 141 243 143 243 144 243 145 242 145 242 145 240 143 #
ំ 255 143 258 159 259 171 259 180 258 186 257 192 256 194 253 197 251 200 248 203 240 208 235 209 231 211 222 214 218 215 213 215 204 216 200 216 196 215 189 214 185 214 176 212 173 210 170 208 165 204 164 201 162 197 158 187 157 182 156 176 156 164 157 159 158 154 158 147 159 142 160 138 163 130 166 127 168 124 172 118 175 116 177 114 181 111 183 111 185 110 189 109 192 109 194 108 200 109 203 109 205 109 211 110 213 111 216 112 223 112 226 113 230 113 236 115 239 116 242 117 247 118 249 118 251 119 255 121 256 123 257 124 259 126 260 127 260 129 261 132 262 134 262 135 263 138 263 139 263 140 263 142 263 144 263 145 263 147 263 148 #
ំ 246 151 246 158 246 166 245 172 244 178 243 184 242 187 240 195 238 200 236 204 230 212 227 215 224 218 216 223 212 225 208 226 199 227 194 226 190 226 182 225 179 224 175 224 169 222 166 221 162 218 156 214 154 211 153 208 151 201 151 197 151 194 153 186 154 182 155 178 156 168 156 164 158 160 162 150 164 146 166 142 171 135 174 132 176 128 182 123 185 122 188 121 193 120 197 119 201 118 207 117 210 117 213 118 215 118 218 120 220 120 224 121 226 122 229 122 231 123 232 123 233 123 234 124 235 125 237 126 239 130 241 131 242 132 243 136 244 137 244 139 244 140 244 141 243 142 243 142 243 143 242 143 241 142 #
ំ 242 140 244 162 245 177 244 188 243 197 239 211 237 213 235 216 228 223 224 226 220 228 212 231 208 232 204 232 194 231 190 231 184 230 174 228 170 226 166 223 158 217 155 213 153 210 150 202 149 199 148 196 148 188 148 185 148 180 148 177 150 168 151 164 151 160 153 151 154 147 158 139 160 136 162 133 164 130 169 125 172 123 176 122 178 121 180 120 184 120 186 120 188 120 190 120 195 121 198 121 203 122 206 123 209 123 213 124 215 124 217 125 221 125 222 125 222 125 222 126 223 126 223 126 225 127 226 128 227 129 229 130 231 131 231 132 233 133 233 134 233 134 234 135 234 135 234 136 234 136 235 137 236 138 236 138 236 138 235 138 234 138 #
ំ 259 130 261 148 261 161 261 171 258 186 255 191 254 194 250 200 247 204 244 208 237 214 233 216 228 218 218 220 212 220 207 220 196 219 192 218 186 216 172 211 166 206 161 202 152 194 149 189 148 185 147 178 147 175 148 173 150 169 151 166 152 164 154 156 155 152 157 148 162 139 165 134 168 129 175 120 178 117 181 114 188 109 191 107 194 106 201 104 204 104 208 104 214 104 217 105 220 106 227 107 230 108 233 108 241 109 245 110 248 110 254 112 256 112 258 113 260 114 260 115 261 116 261 119 261 120 261 120 261 122 260 122 259 122 259 123 #
ំ 229 118 248 133 254 139 258 146 263 157 264 161 265 165 265 170 265 173 264 176 262 185 260 189 258 193 254 200 252 203 249 205 243 208 240 210 236 211 230 211 226 211 222 210 213 209 206 208 201 206 190 203 186 201 183 199 177 195 174 193 171 190 166 183 164 180 163 176 162 169 162 165 162 161 164 154 164 151 165 148 166 141 167 138 169 134 172 128 174 125 176 123 180 119 181 118 182 118 186 116 188 116 190 116 193 115 195 115 196 116 201 116 203 116 205 117 209 117 211 118 213 118 217 119 219 119 222 120 225 120 227 120 228 120 230 120 231 120 231 120 231 120 #
ំ 246 119 248 139 248 154 247 165 243 180 241 185 238 190 231 196 227 199 224 201 216 203 215 202 215 202 210 201 206 201 202 200 191 198 185 196 175 192 170 190 167 188 164 185 158 178 156 174 153 170 150 159 149 154 149 149 150 139 150 136 151 129 152 126 153 121 154 117 158 109 160 106 162 104 167 100 169 98 175 95 178 95 181 94 184 94 190 94 193 94 196 94 202 95 205 96 208 96 214 97 219 98 222 98 231 101 235 102 238 104 243 106 244 106 246 107 246 109 246 109 246 109 245 110 245 111 245 112 246 114 245 115 246 115 245 116 245 116 244 117 244 117 #
ំ 223 121 231 134 237 143 241 151 242 156 243 161 241 169 241 169 241 170 239 174 237 176 236 178 231 184 228 187 223 189 214 194 210 196 206 197 196 199 191 199 186 199 177 198 173 198 170 197 163 195 160 193 157 190 153 184 152 181 151 175 151 172 151 168 151 164 151 156 152 152 152 147 153 140 154 136 154 132 156 123 157 120 158 116 162 111 164 109 165 107 169 105 172 104 174 103 179 103 182 103 188 103 191 104 194 105 196 105 202 106 205 107 210 108 212 108 215 109 220 110 223 111 225 112 228 113 229 114 230 115 231 116 231 116 231 118 231 118 #
ំ 250 125 250 148 250 162 248 171 242 183 239 186 236 188 230 192 229 192 228 192 223 193 220 193 217 193 210 192 206 192 202 191 191 189 186 187 180 185 172 179 169 176 167 172 165 165 165 162 165 158 165 150 166 146 167 142 168 137 168 134 169 131 172 124 174 120 176 117 181 111 184 109 186 107 191 104 193 103 196 103 200 102 203 103 205 103 210 105 214 105 218 106 229 110 235 113 240 115 248 119 252 121 254 122 257 124 257 125 257 126 256 127 256 128 255 128 254 128 254 128 253 128 252 128 251 127 #
ំ 224 134 231 146 236 156 243 168 244 173 245 178 245 182 245 184 244 189 243 193 241 197 237 207 234 212 230 218 223 228 218 232 213 236 204 242 199 244 195 244 186 243 182 242 180 242 173 240 170 239 166 237 161 233 159 230 157 227 154 221 152 216 150 212 148 202 148 197 147 193 147 183 147 178 148 173 149 165 149 161 150 158 151 150 152 146 152 143 154 137 156 135 158 132 162 127 164 125 167 123 172 120 174 119 177 118 181 117 183 116 186 116 190 116 193 116 195 116 199 117 201 117 203 118 209 119 212 120 215 120 220 122 222 123 224 123 227 125 229 126 230 126 232 128 232 128 233 129 234 130 235 131 235 131 235 133 #
ំ 233 118 242 132 248 141 254 156 255 162 255 171 255 173 254 175 253 179 250 186 247 191 244 195 238 202 235 205 231 206 223 209 219 209 216 210 207 209 203 209 199 208 190 206 185 205 181 203 173 199 170 196 167 194 163 189 162 186 161 183 159 178 158 174 158 169 157 161 158 157 158 154 159 148 159 146 160 143 162 136 163 133 164 129 166 123 168 121 169 119 172 116 173 115 175 114 177 113 178 113 179 114 180 114 182 114 183 114 186 114 187 115 189 115 192 116 194 116 196 116 199 116 201 116 203 116 207 116 209 116 212 116 216 117 218 117 220 117 223 118 225 118 227 118 230 119 232 119 234 120 236 121 236 122 237 122 237 123 237 123 236 123 #
ំ 214 120 223 133 230 143 233 151 235 157 237 168 237 173 236 177 235 178 234 180 232 184 230 186 228 189 225 192 218 197 215 199 211 201 201 204 196 205 187 205 182 204 178 204 170 202 166 201 162 199 159 197 153 190 151 187 148 183 145 174 143 169 141 160 140 156 140 152 140 144 141 140 141 136 142 134 143 128 143 125 145 119 147 116 149 113 152 110 154 108 155 107 156 106 159 105 160 105 163 105 165 105 166 105 167 105 171 105 172 105 176 106 177 107 180 107 182 108 185 108 187 109 189 109 193 110 195 110 199 111 200 112 201 112 203 112 204 113 205 113 205 114 205 114 205 114 205 114 204 114 204 114 204 114 #
ំ 241 121 242 140 242 154 238 174 235 181 231 186 226 190 223 192 220 193 212 195 208 196 203 196 193 195 188 195 182 194 171 190 167 188 161 182 159 179 157 174 155 170 153 160 153 155 152 151 153 141 154 137 155 128 156 123 156 119 159 110 161 106 163 103 166 100 171 95 174 94 181 91 184 90 187 89 192 87 195 87 198 87 202 89 204 90 206 90 212 91 216 92 220 94 227 98 230 99 234 101 240 104 243 106 245 108 248 110 248 111 248 111 248 113 248 115 248 116 248 118 248 119 247 119 243 118 #
ំ 253 106 266 114 277 122 284 130 290 137 294 143 297 156 298 162 298 167 297 175 296 176 295 177 291 183 289 186 286 189 277 195 272 198 267 200 257 202 252 203 248 203 239 202 234 201 228 201 217 198 212 196 207 194 199 189 196 185 194 182 191 177 190 174 190 170 189 163 190 159 190 156 191 148 192 145 193 142 194 136 195 132 196 129 200 122 201 119 203 117 206 114 208 112 210 111 214 109 216 109 217 109 220 109 221 109 223 109 227 111 229 111 232 112 237 113 239 113 241 114 245 115 247 115 249 115 253 116 255 116 257 117 260 117 261 118 262 118 262 118 #
ំ 227 114 245 135 250 142 253 148 255 160 255 165 254 169 254 173 253 176 251 180 247 189 243 193 240 197 233 206 229 209 220 213 215 215 210 216 204 217 192 216 186 215 177 214 173 212 169 210 166 208 162 203 160 200 158 196 156 189 155 183 154 178 153 166 154 160 154 155 156 146 157 141 157 137 160 127 161 122 163 117 166 110 167 107 169 104 173 100 175 98 177 97 181 97 184 97 186 98 187 99 189 100 196 100 199 101 203 101 209 103 212 104 215 105 220 106 223 107 224 108 228 109 231 110 233 111 235 112 236 112 236 113 237 114 #
ំ 233 114 241 128 246 139 249 147 251 155 252 161 251 169 250 172 249 175 246 183 244 188 240 192 234 199 230 201 226 203 217 204 212 204 208 203 198 202 193 201 188 199 178 196 174 194 170 190 163 182 161 178 159 173 155 163 155 158 154 154 155 145 156 141 157 137 158 133 159 131 159 128 162 121 163 118 165 116 168 111 171 109 173 107 178 103 180 102 182 101 186 100 189 100 191 99 197 98 200 97 202 97 206 98 208 99 209 99 213 101 214 101 216 102 220 102 222 103 223 103 226 105 228 106 229 107 232 109 233 111 234 111 234 113 234 113 234 113 234 115 233 115 233 115 234 115 #
ំ 267 133 272 148 275 159 277 169 277 175 277 181 276 184 275 187 274 189 269 196 267 199 264 202 256 206 252 207 248 208 238 209 234 209 229 208 218 206 212 205 200 200 195 198 190 195 186 191 178 185 175 181 173 178 171 171 170 167 170 164 170 158 170 156 171 153 173 149 174 145 176 141 180 132 183 128 187 124 193 119 196 117 202 113 206 112 209 111 215 109 218 109 221 109 226 108 228 109 230 109 233 110 235 111 238 111 243 112 246 113 250 114 255 116 257 117 259 118 262 121 264 123 266 125 269 129 269 130 270 132 271 134 271 135 271 135 270 136 269 136 269 136 #
ំ 235 101 256 120 262 127 268 140 270 152 270 156 270 157 269 162 268 165 266 169 262 178 259 182 256 186 251 191 248 192 244 194 234 196 229 196 224 196 212 195 206 194 200 194 187 192 182 190 177 188 168 184 165 181 162 177 160 172 159 169 158 166 159 160 159 158 160 155 161 150 162 147 163 144 164 134 165 130 167 126 170 119 171 116 173 113 176 109 177 107 179 105 183 104 185 104 187 104 192 104 194 105 196 105 200 106 203 107 206 107 212 108 214 109 217 109 222 110 225 111 226 111 230 111 232 111 234 111 236 110 236 110 236 109 236 109 #
ំ 215 127 224 140 230 152 233 161 236 169 236 175 237 181 237 183 236 185 234 190 232 193 230 196 224 202 221 204 217 206 209 207 205 207 201 206 192 205 186 204 181 203 171 200 166 198 162 196 156 191 153 189 150 186 147 180 145 177 144 175 142 167 142 163 141 159 142 151 143 147 143 144 144 139 146 135 147 130 151 124 153 120 155 118 159 113 162 112 164 111 169 109 171 109 173 109 177 109 179 110 180 111 182 111 188 112 191 112 196 113 199 114 201 115 205 116 207 116 209 117 212 118 213 118 214 119 217 120 217 121 218 122 220 123 220 124 220 124 220 126 219 127 219 127 218 127 #
ំ 226 141 237 152 244 159 248 166 251 171 253 177 254 185 254 189 253 192 252 194 251 196 250 197 248 200 246 202 244 205 238 210 235 212 231 214 222 218 218 219 214 220 205 219 201 219 198 218 191 217 188 217 185 216 180 213 177 212 174 209 169 202 167 199 166 196 164 188 163 184 163 179 162 171 162 167 163 162 163 154 164 151 164 147 165 142 166 139 167 136 169 132 171 130 172 129 175 128 177 127 178 127 181 127 182 128 184 128 187 128 188 129 190 129 193 130 195 131 197 131 202 132 205 132 208 133 212 134 215 135 217 136 221 137 223 137 224 138 226 139 227 139 227 140 227 141 227 141 226 141 #
ំ 210 77 229 95 234 103 241 117 243 124 244 129 244 134 244 137 244 142 243 147 241 159 240 165 238 170 234 179 231 183 228 185 221 189 216 189 211 189 199 188 191 188 185 187 173 186 168 185 163 184 155 181 152 179 148 176 142 171 140 168 138 164 135 156 134 153 133 148 133 139 133 135 134 131 136 123 136 119 137 115 138 106 139 102 140 99 143 91 145 89 146 87 149 84 151 83 152 82 156 81 157 81 158 81 161 81 162 80 164 80 167 80 169 80 171 80 175 78 177 78 179 77 183 76 185 76 188 76 193 77 195 77 197 77 201 77 203 78 205 78 207 78 209 79 210 79 211 80 212 80 213 80 214 81 214 81 214 81 #
ំ 249 119 252 137 253 158 251 166 247 177 246 178 245 180 240 186 237 189 232 191 224 195 220 197 215 198 203 199 198 199 192 198 182 197 178 195 174 194 167 190 164 188 162 185 160 179 159 176 159 172 159 167 159 163 160 160 161 154 162 152 162 150 164 141 165 137 166 133 169 124 171 120 173 116 178 110 180 108 182 106 187 102 189 102 192 101 196 101 199 101 202 101 207 102 209 103 211 103 214 104 215 104 217 104 222 105 224 106 227 106 232 109 235 110 237 111 240 113 241 113 241 114 243 116 243 117 243 118 244 120 244 121 244 121 243 122 243 123 242 123 242 123 #
ំ 231 117 247 136 252 143 258 156 259 162 260 167 259 173 259 174 259 177 256 184 255 187 253 191 248 198 245 200 242 202 236 206 232 208 228 209 219 211 215 211 212 210 204 209 201 208 199 208 193 205 189 204 185 202 177 197 175 194 173 192 170 188 169 185 168 182 166 174 166 170 165 166 166 157 167 153 167 150 168 143 169 139 170 136 173 130 174 127 177 123 179 122 181 121 182 120 185 120 186 120 189 120 191 120 193 120 197 120 200 120 203 120 206 120 212 121 215 122 218 123 224 123 226 124 231 124 233 125 234 125 236 125 238 126 239 127 239 127 238 128 238 128 237 128 #
ំ 241 121 250 136 254 148 257 158 258 167 258 174 256 179 255 182 253 185 249 190 246 193 243 195 236 198 233 199 229 200 221 200 216 200 212 199 203 198 200 197 196 197 191 196 182 194 178 192 174 190 166 183 163 180 158 172 156 168 155 164 154 156 154 152 154 148 154 144 156 136 156 133 157 130 158 125 159 122 160 120 162 116 164 114 165 113 169 110 171 109 176 106 178 105 180 104 182 103 187 102 189 102 191 101 196 99 198 99 200 99 204 98 206 98 207 99 210 100 211 100 212 101 215 102 217 103 221 104 223 105 225 106 226 107 229 109 230 110 231 111 232 111 232 112 234 113 235 114 235 114 236 115 237 116 237 117 237 118 238 120 239 120 240 121 241 122 241 122 240 123 239 123 #
ំ 232 102 242 133 244 145 245 154 246 162 246 165 245 173 244 178 242 183 238 192 235 196 232 200 225 204 220 207 215 208 205 208 200 207 197 206 188 204 183 202 178 201 170 196 166 192 162 188 157 180 155 177 153 173 150 165 149 161 148 158 148 150 148 146 149 142 150 134 151 130 151 126 153 119 155 114 156 110 160 104 162 101 165 98 170 94 173 93 175 92 179 91 182 90 184 90 189 89 191 88 194 88 199 87 202 87 204 87 210 87 212 88 215 88 218 89 220 89 224 90 228 91 231 93 232 94 235 96 236 97 237 98 237 99 236 100 236 100 235 102 234 102 234 102 233 102 #
ំ 217 114 235 131 241 139 249 151 251 155 252 160 253 168 253 169 253 171 252 175 251 178 250 181 246 189 243 193 239 200 236 204 233 206 229 208 222 212 218 213 211 214 207 214 203 214 199 214 192 213 188 211 180 206 176 204 174 202 169 196 167 192 165 188 164 180 163 175 162 171 162 163 163 159 163 155 164 149 165 146 165 143 166 137 167 134 168 131 170 125 172 122 174 119 177 116 179 114 181 113 184 111 186 111 187 110 190 109 192 109 193 110 196 111 197 111 199 112 203 113 206 114 209 114 214 115 216 116 218 116 220 118 221 119 221 119 222 120 224 120 #
ំ 229 111 244 136 247 144 249 151 249 156 249 161 249 164 248 167 248 169 245 175 244 178 242 181 236 187 234 189 230 192 225 195 221 196 217 197 208 197 203 196 197 195 186 194 181 193 177 193 170 190 168 188 165 186 159 178 156 174 154 170 151 161 150 156 149 151 149 144 149 140 150 136 150 128 151 123 152 118 153 108 153 103 154 98 156 92 157 89 159 88 162 85 163 84 165 83 170 81 172 81 175 80 180 79 182 79 184 79 188 79 190 80 192 80 195 81 198 81 201 82 209 85 212 87 215 89 219 90 224 95 228 98 229 99 230 101 231 102 231 104 231 104 230 105 229 106 228 106 228 105 #
ំ 222 95 239 119 244 128 246 135 248 148 248 154 247 159 246 162 245 165 243 169 239 177 236 181 233 184 227 190 222 193 218 195 209 197 204 196 198 196 188 194 183 193 178 191 169 188 166 185 164 183 161 178 160 176 160 172 158 163 157 158 157 153 157 143 158 138 158 135 159 126 160 122 161 118 163 110 164 107 166 103 169 97 170 94 172 92 175 89 177 88 179 86 184 84 186 84 187 84 191 84 192 84 195 85 196 85 198 86 199 87 201 88 203 89 207 89 209 90 211 91 216 93 218 94 220 95 222 96 225 98 227 99 228 99 229 100 229 101 229 101 #
ំ 226 118 234 134 238 145 241 155 243 163 243 169 243 174 243 176 242 178 240 184 239 187 237 190 233 196 231 198 229 200 224 204 221 205 218 206 213 206 210 206 206 205 198 204 195 204 191 203 183 201 179 200 176 199 169 196 166 193 163 191 158 186 156 183 154 180 152 175 152 172 151 168 149 159 149 155 148 151 148 142 147 138 148 135 149 128 149 124 151 117 152 114 154 110 157 105 160 102 162 100 167 96 169 95 171 94 176 93 178 93 180 93 182 93 185 94 186 95 187 95 190 96 192 97 195 97 201 98 205 98 208 99 217 102 220 103 224 104 229 106 231 107 232 108 234 109 234 110 235 113 236 114 236 116 237 119 237 120 237 121 237 122 237 123 236 123 236 123 #
ំ 227 102 236 113 247 130 250 138 251 146 251 153 251 155 248 164 246 168 243 172 242 175 237 182 234 184 231 187 224 191 221 192 217 192 209 192 205 192 201 191 193 190 188 189 179 186 174 184 169 181 166 178 160 170 158 167 156 160 156 157 156 153 158 146 159 144 160 142 162 136 164 132 166 128 172 119 175 115 178 111 184 104 187 100 190 97 195 94 197 92 199 91 201 92 202 93 203 93 205 95 207 96 209 96 213 98 215 99 217 100 222 102 224 103 226 104 229 105 230 105 231 106 233 107 #
ំ 213 128 218 144 220 157 223 173 223 179 222 184 220 189 218 192 217 196 212 205 209 209 206 213 200 219 197 221 195 223 189 224 185 223 181 223 170 219 164 215 157 211 146 201 142 196 139 190 135 181 134 177 133 172 130 162 130 157 130 152 130 142 131 137 131 133 132 127 133 124 134 121 137 116 139 113 142 109 147 104 150 102 155 100 158 99 160 99 162 100 164 100 165 101 169 102 170 103 172 103 178 104 181 104 184 105 191 108 195 109 198 111 201 112 206 115 208 116 210 119 211 120 211 121 211 122 212 124 212 125 212 127 213 128 213 128 213 129 213 130 212 130 #
ំ 208 100 226 117 230 124 233 132 234 138 235 144 234 148 234 152 231 161 230 166 228 170 226 174 222 181 220 183 217 185 211 188 208 188 205 188 197 187 193 186 188 186 177 185 172 183 167 181 158 176 154 173 150 170 144 164 141 161 139 157 136 150 136 146 135 138 135 135 135 132 137 125 137 121 138 118 139 113 142 106 143 103 146 97 148 95 150 93 152 92 156 91 158 90 160 90 163 90 165 90 167 90 170 91 172 91 176 91 177 91 178 91 182 92 183 92 185 92 189 93 192 93 194 93 199 94 200 94 202 95 205 96 206 96 207 96 209 96 209 96 209 96 #
ំ 198 96 212 104 228 117 231 123 234 136 234 138 233 141 230 152 227 159 224 166 216 176 212 181 208 185 199 192 194 194 188 196 178 198 173 198 168 198 164 197 158 196 155 195 149 191 146 188 143 184 138 177 136 172 135 168 133 161 133 156 132 152 132 141 132 136 133 131 134 122 134 119 135 115 135 110 136 107 137 104 140 100 142 97 143 95 148 92 150 91 152 90 157 89 160 88 162 88 166 87 168 87 171 87 174 88 175 88 176 88 178 89 180 90 181 90 186 91 187 92 189 92 190 91 #
ំ 240 99 256 125 259 136 259 151 258 156 257 157 254 164 251 169 248 173 241 180 238 183 234 185 227 188 222 188 219 188 211 188 207 187 202 186 193 185 188 183 183 180 174 174 171 170 169 167 165 160 165 156 164 153 163 147 163 143 164 139 165 131 165 127 166 123 167 114 168 110 170 106 174 98 176 94 181 89 183 88 185 86 188 85 194 84 196 84 198 84 202 85 204 86 206 87 214 90 219 92 223 94 232 99 236 101 240 102 245 105 247 106 249 106 250 107 249 108 249 108 247 108 246 108 #
ំ 208 100 234 116 241 123 247 135 247 136 248 139 249 145 249 149 249 153 249 161 247 167 246 172 244 176 239 184 237 187 234 189 228 193 225 194 221 195 213 196 209 195 201 193 196 192 192 192 188 191 180 187 175 184 167 177 163 172 159 167 153 159 152 156 151 152 150 148 151 142 151 141 152 139 153 135 153 134 154 132 154 127 155 123 158 117 160 114 161 111 165 106 167 103 168 101 170 99 174 97 176 96 180 96 182 97 183 97 187 98 190 98 194 99 203 100 206 101 210 101 213 103 217 105 217 105 219 106 #
ំ 215 102 227 129 230 138 232 146 233 151 234 158 233 160 232 163 229 173 226 178 224 182 217 190 212 193 208 195 197 197 191 197 186 197 176 197 172 196 165 195 162 194 158 193 151 188 148 184 145 180 143 176 139 165 138 161 137 156 137 147 137 143 138 140 139 131 139 126 140 121 141 112 142 106 145 96 147 93 149 90 151 88 156 84 159 82 165 80 167 80 170 80 176 80 179 80 183 80 190 80 193 81 197 81 204 82 207 83 210 83 216 85 218 85 220 86 222 88 223 88 223 89 223 89 223 90 222 90 222 91 221 91 220 92 #
ំ 206 101 222 120 227 128 230 136 232 150 231 156 231 161 230 165 228 170 226 175 222 184 220 187 214 194 211 197 207 199 203 201 195 205 191 205 188 205 180 205 176 204 171 204 161 202 157 200 152 197 144 190 140 186 137 181 133 172 131 168 129 156 130 151 130 146 131 136 132 133 132 129 134 125 137 118 139 115 141 112 146 108 148 106 155 102 159 101 163 101 170 100 173 99 176 99 181 100 184 100 188 101 196 102 200 102 203 103 209 104 212 105 214 106 218 109 220 110 221 111 223 113 223 113 223 113 223 115 #
ំ 235 103 241 117 246 128 250 145 250 151 250 156 248 161 247 165 245 170 240 182 237 187 234 191 227 199 223 203 219 205 210 209 206 210 201 211 192 211 188 210 185 210 178 208 175 206 171 203 166 196 163 192 161 188 158 180 157 176 157 172 157 165 157 163 157 160 158 153 158 149 159 146 161 137 162 132 164 127 167 118 170 114 172 110 177 103 179 100 182 98 187 93 190 91 192 90 196 89 198 88 200 88 205 90 205 91 206 92 208 93 209 94 210 95 214 95 217 96 219 97 225 99 227 100 230 100 232 101 233 102 234 103 235 103 235 104 235 104 234 105 234 105 233 106 233 106 #
ំ 234 118 250 122 262 128 270 133 277 139 281 145 285 154 287 160 288 167 289 182 289 190 288 197 285 215 282 222 280 230 272 243 267 249 262 255 250 264 243 267 237 270 224 271 220 271 215 270 208 269 204 268 200 266 193 260 190 256 186 251 182 240 180 234 178 227 176 214 175 208 175 202 175 190 176 184 177 179 178 170 178 167 179 163 182 156 183 152 185 148 188 142 191 139 193 136 197 132 199 131 201 129 206 127 209 125 211 124 216 123 219 123 221 122 227 122 230 121 232 121 237 121 239 121 240 120 243 120 243 119 243 119 243 119 #
ំ 259 97 275 126 282 147 283 157 283 166 282 170 279 181 277 187 269 199 265 204 260 209 249 218 243 222 236 224 225 225 217 226 211 226 198 224 191 222 185 220 173 215 168 213 164 210 157 202 154 199 152 195 149 187 148 181 148 175 148 163 148 157 148 151 150 141 150 137 151 132 154 121 156 115 157 111 161 103 163 99 164 96 168 92 171 90 173 88 179 85 181 84 184 83 189 82 192 81 194 81 200 80 203 80 206 80 212 80 215 80 218 80 224 80 227 80 229 81 234 81 236 82 238 82 241 83 242 83 243 83 246 85 248 86 249 87 251 90 252 92 253 93 256 97 257 99 258 100 258 101 259 103 258 103 258 103 #
ំ 232 105 250 127 255 136 258 144 260 151 261 158 261 165 260 177 259 178 258 181 255 189 253 192 247 200 244 203 241 206 235 210 231 212 228 213 223 213 220 213 217 213 212 212 209 211 206 211 198 209 193 206 189 203 182 197 179 194 177 190 173 182 172 178 171 174 170 165 169 161 169 156 169 146 169 141 170 136 171 127 171 124 172 120 174 113 175 110 176 108 179 105 180 104 182 102 185 101 187 100 189 100 191 101 193 101 194 102 196 103 196 103 197 105 198 105 199 106 199 106 201 107 203 107 205 107 209 108 212 109 214 110 220 112 223 113 228 115 230 116 232 117 236 118 237 119 239 120 240 120 240 121 240 121 239 121 239 121 238 121 238 120 #
ំ 260 94 277 114 282 123 288 139 290 143 291 148 291 153 291 166 290 174 289 181 285 194 282 200 279 206 272 214 269 217 259 223 254 225 250 227 241 228 237 229 232 229 227 228 217 225 211 223 200 217 196 214 192 211 188 207 182 197 180 191 177 185 173 169 173 162 173 147 174 140 175 134 176 130 177 122 177 119 178 115 180 108 181 106 183 103 187 97 189 95 192 94 197 91 200 90 203 90 209 89 212 88 215 88 222 88 226 88 229 88 237 90 240 90 243 90 249 90 251 91 254 91 257 92 258 92 258 92 258 93 258 93 258 94 258 94 259 95 259 95 262 96 #
ំ 246 112 252 143 252 154 251 164 249 177 246 182 244 188 237 197 233 201 228 203 218 207 212 208 206 208 196 207 192 206 187 205 178 202 174 199 171 196 164 185 161 179 159 173 156 161 155 155 156 145 157 140 157 137 159 128 160 123 162 118 167 109 169 105 172 101 178 95 183 92 187 89 195 84 199 82 202 81 207 79 210 78 212 78 216 80 219 81 222 81 229 83 232 84 236 84 241 86 243 87 246 88 250 91 251 92 252 93 253 95 254 96 254 97 254 99 254 100 254 102 253 105 253 107 253 109 253 112 253 113 253 113 253 117 252 117 252 118 252 120 255 123 #
